{"idx": 0, "question": "Tell me a story in five sentences about a girl and her dog.", "score": [[0.9955174922943115, 0.7033558487892151, 0.5159649848937988, 0.7667962908744812, 0.8353655934333801, 0.7762225270271301, 0.698371171951294, 0.7786490321159363, 0.8222368359565735, 0.7620434761047363, 0.8513785004615784, 0.7459432482719421, 0.676717221736908, 0.8371597528457642, 0.6616033315658569, 0.7499166131019592, 0.7732658386230469, 0.7866341471672058, 0.8454169631004333, 0.928661584854126], [0.7033558487892151, 0.9946594834327698, 0.6005039215087891, 0.8081828951835632, 0.7465828061103821, 0.7944347262382507, 0.6847674250602722, 0.7662894129753113, 0.7759369611740112, 0.7300108671188354, 0.7825313806533813, 0.8248699903488159, 0.6745562553405762, 0.8274480104446411, 0.803257167339325, 0.6721142530441284, 0.8148730397224426, 0.8212342262268066, 0.8164863586425781, 0.751365065574646], [0.5159649848937988, 0.6005039215087891, 0.9955129027366638, 0.5831449031829834, 0.5636416673660278, 0.6260448098182678, 0.6754022240638733, 0.5424745082855225, 0.6083111763000488, 0.6022621393203735, 0.5771904587745667, 0.631811797618866, 0.7276708483695984, 0.6103178262710571, 0.6552903056144714, 0.5528091192245483, 0.6007645726203918, 0.6350615620613098, 0.6209799647331238, 0.5940515995025635], [0.7667962908744812, 0.8081828951835632, 0.5831449031829834, 1.0000704526901245, 0.7871747612953186, 0.7473963499069214, 0.6785142421722412, 0.7883347272872925, 0.7449818849563599, 0.7436836361885071, 0.756152868270874, 0.8326793909072876, 0.7125217914581299, 0.8881350755691528, 0.788895308971405, 0.6284583210945129, 0.8114851713180542, 0.8526862263679504, 0.8880552649497986, 0.8345216512680054], [0.8353656530380249, 0.7465828061103821, 0.5636416077613831, 0.7871747612953186, 0.9995854496955872, 0.8283107876777649, 0.752906322479248, 0.8173204064369202, 0.7868402004241943, 0.8362929821014404, 0.8230412006378174, 0.82662034034729, 0.7223517298698425, 0.8465434908866882, 0.7364721894264221, 0.7591124176979065, 0.7548552751541138, 0.7921584844589233, 0.8235524296760559, 0.857753574848175], [0.7762225270271301, 0.7944347262382507, 0.6260448098182678, 0.7473963499069214, 0.8283108472824097, 0.9988762736320496, 0.803100049495697, 0.7894968390464783, 0.8917363286018372, 0.8437332510948181, 0.9033680558204651, 0.9219443798065186, 0.7426737546920776, 0.8146437406539917, 0.8083494901657104, 0.8082622289657593, 0.8016341328620911, 0.7835081219673157, 0.7993001341819763, 0.8297728896141052], [0.698371171951294, 0.6847674250602722, 0.6754022240638733, 0.6785142421722412, 0.7529062032699585, 0.803100049495697, 1.0057660341262817, 0.7445038557052612, 0.7684366703033447, 0.7937994599342346, 0.7737008929252625, 0.7506229281425476, 0.7847759127616882, 0.7340360283851624, 0.7656159400939941, 0.7394521236419678, 0.6910688877105713, 0.7634425163269043, 0.7566402554512024, 0.7339869141578674], [0.7786490321159363, 0.7662894129753113, 0.5424745082855225, 0.7883347272872925, 0.8173204064369202, 0.7894967794418335, 0.7445037961006165, 0.9928988218307495, 0.7751364707946777, 0.8045278191566467, 0.846547544002533, 0.8390962481498718, 0.6960334181785583, 0.8411386013031006, 0.7798616290092468, 0.731663703918457, 0.7790247797966003, 0.7848367094993591, 0.7804455757141113, 0.7868053317070007], [0.8222368359565735, 0.7759369611740112, 0.6083111763000488, 0.7449818849563599, 0.7868402004241943, 0.8917363286018372, 0.7684366703033447, 0.7751364707946777, 1.005983829498291, 0.754228949546814, 0.9028735756874084, 0.8426837921142578, 0.7335774302482605, 0.815858006477356, 0.7541196346282959, 0.7800617814064026, 0.8340265154838562, 0.8026021718978882, 0.8214247822761536, 0.8509100079536438], [0.7620434761047363, 0.7300109267234802, 0.6022621393203735, 0.7436836361885071, 0.8362929821014404, 0.8437332510948181, 0.7937994599342346, 0.8045278191566467, 0.754228949546814, 0.9986609816551208, 0.7824308276176453, 0.8121243119239807, 0.7506815195083618, 0.8410917520523071, 0.8234704732894897, 0.823294997215271, 0.6874617338180542, 0.7203572392463684, 0.7804998755455017, 0.8174127340316772], [0.8513785004615784, 0.7825313806533813, 0.5771904587745667, 0.756152868270874, 0.8230412006378174, 0.9033680558204651, 0.7737008929252625, 0.846547544002533, 0.9028735756874084, 0.7824309468269348, 1.0068870782852173, 0.888055145740509, 0.734205424785614, 0.8373094797134399, 0.756722092628479, 0.7997952699661255, 0.8363142609596252, 0.8039239048957825, 0.8020526170730591, 0.8434073328971863], [0.7459432482719421, 0.8248699903488159, 0.631811797618866, 0.8326793909072876, 0.82662034034729, 0.9219443798065186, 0.7506229281425476, 0.8390962481498718, 0.8426837921142578, 0.8121243119239807, 0.888055145740509, 0.9939961433410645, 0.7360621690750122, 0.8465730547904968, 0.8246444463729858, 0.7618567943572998, 0.8587751984596252, 0.815227746963501, 0.8227776288986206, 0.8167333602905273], [0.676717221736908, 0.6745562553405762, 0.7276708483695984, 0.7125217914581299, 0.7223517298698425, 0.7426737546920776, 0.7847759127616882, 0.6960334181785583, 0.7335774302482605, 0.7506815195083618, 0.734205424785614, 0.7360621690750122, 1.0022953748703003, 0.7848087549209595, 0.7828058004379272, 0.6524413824081421, 0.7240986824035645, 0.7508115768432617, 0.7346212863922119, 0.7202849984169006], [0.8371597528457642, 0.8274480104446411, 0.6103178262710571, 0.8881350755691528, 0.8465434908866882, 0.8146437406539917, 0.7340360283851624, 0.8411385416984558, 0.815858006477356, 0.8410917520523071, 0.8373094797134399, 0.8465730547904968, 0.7848087549209595, 1.006906509399414, 0.8460224866867065, 0.7357847094535828, 0.8203731775283813, 0.8837398886680603, 0.8818467259407043, 0.8873900771141052], [0.6616033315658569, 0.803257167339325, 0.6552903056144714, 0.788895308971405, 0.7364721894264221, 0.8083494901657104, 0.7656158804893494, 0.7798616290092468, 0.7541196346282959, 0.8234704732894897, 0.756722092628479, 0.8246444463729858, 0.7828058004379272, 0.8460224866867065, 0.9984272718429565, 0.716609537601471, 0.7388259768486023, 0.7836611866950989, 0.7634962797164917, 0.7126473188400269], [0.7499166131019592, 0.6721142530441284, 0.5528091192245483, 0.6284583210945129, 0.7591124773025513, 0.8082622289657593, 0.7394521236419678, 0.731663703918457, 0.7800617814064026, 0.823294997215271, 0.7997952699661255, 0.7618567943572998, 0.6524413824081421, 0.7357847094535828, 0.716609537601471, 1.003509759902954, 0.6617563962936401, 0.6556474566459656, 0.7116103172302246, 0.7759615778923035], [0.7732658386230469, 0.8148730397224426, 0.6007645726203918, 0.8114851713180542, 0.7548552751541138, 0.8016341328620911, 0.6910688877105713, 0.7790248394012451, 0.8340265154838562, 0.6874617338180542, 0.8363142609596252, 0.8587751984596252, 0.7240986824035645, 0.8203731775283813, 0.7388259768486023, 0.6617563962936401, 1.001700520515442, 0.8299873471260071, 0.840317964553833, 0.8050048351287842], [0.7866341471672058, 0.8212342262268066, 0.6350615620613098, 0.8526862263679504, 0.7921584844589233, 0.7835081219673157, 0.7634425163269043, 0.7848367094993591, 0.8026021718978882, 0.7203572392463684, 0.8039239048957825, 0.815227746963501, 0.7508115768432617, 0.8837398886680603, 0.7836611866950989, 0.6556474566459656, 0.8299872279167175, 0.9996961951255798, 0.8943289518356323, 0.8206425309181213], [0.8454169631004333, 0.8164864182472229, 0.6209799647331238, 0.8880552649497986, 0.8235524296760559, 0.7993001341819763, 0.7566402554512024, 0.7804455757141113, 0.8214247822761536, 0.7804998755455017, 0.8020526170730591, 0.8227776288986206, 0.7346212863922119, 0.8818467259407043, 0.7634962797164917, 0.7116103172302246, 0.840317964553833, 0.8943289518356323, 1.0025146007537842, 0.899002730846405], [0.9286616444587708, 0.751365065574646, 0.5940515398979187, 0.8345216512680054, 0.857753574848175, 0.8297728896141052, 0.7339869141578674, 0.7868053317070007, 0.8509100079536438, 0.8174127340316772, 0.8434073328971863, 0.8167333602905273, 0.7202849984169006, 0.8873900771141052, 0.7126473188400269, 0.7759615778923035, 0.8050048351287842, 0.8206425309181213, 0.899002730846405, 0.996284544467926]]}
{"idx": 1, "question": "Tell me a story in five sentences about a boy and his dog.", "score": [[1.0007356405258179, 0.8145447373390198, 0.7121530175209045, 0.9027234315872192, 0.8088482618331909, 0.7772493958473206, 0.8992709517478943, 0.7709324955940247, 0.7950074672698975, 0.7804873585700989, 0.8056676387786865, 0.7216936945915222, 0.8060137033462524, 0.8113340139389038, 0.744372546672821, 0.6726722121238708, 0.9075502157211304, 0.7249484658241272, 0.8421483635902405, 0.8434406518936157], [0.8145447373390198, 0.9937195181846619, 0.7756609916687012, 0.8267890810966492, 0.8516290783882141, 0.8074212670326233, 0.8296127915382385, 0.8200342059135437, 0.8125327825546265, 0.8298007845878601, 0.8984639048576355, 0.7662918567657471, 0.8006027340888977, 0.8330556750297546, 0.816072940826416, 0.7765761613845825, 0.8269119262695312, 0.8401164412498474, 0.8458309769630432, 0.8394765257835388], [0.7121530175209045, 0.7756609916687012, 1.0006123781204224, 0.797791600227356, 0.8701923489570618, 0.8709314465522766, 0.8033419251441956, 0.852871298789978, 0.8607317209243774, 0.841771125793457, 0.7972433567047119, 0.8886242508888245, 0.8327968120574951, 0.891356348991394, 0.8447003364562988, 0.7205601930618286, 0.7305313348770142, 0.8822023272514343, 0.8560405969619751, 0.8133901953697205], [0.9027233719825745, 0.8267889618873596, 0.797791600227356, 0.9935361742973328, 0.83848637342453, 0.8629799485206604, 0.9683014154434204, 0.8513932824134827, 0.8657561540603638, 0.7928481101989746, 0.8300849199295044, 0.8240992426872253, 0.8186177611351013, 0.9025617241859436, 0.7672181129455566, 0.6785257458686829, 0.8892362713813782, 0.808997392654419, 0.8385189771652222, 0.8712282776832581], [0.8088482618331909, 0.8516290783882141, 0.8701923489570618, 0.83848637342453, 0.9966810941696167, 0.8944891095161438, 0.8759207129478455, 0.8717889785766602, 0.905301570892334, 0.8736176490783691, 0.8591105937957764, 0.8613614439964294, 0.852593183517456, 0.9015016555786133, 0.8643063306808472, 0.7646127939224243, 0.7972385883331299, 0.9024661183357239, 0.9511188268661499, 0.8789278268814087], [0.7772493958473206, 0.8074212670326233, 0.8709314465522766, 0.8629799485206604, 0.8944891095161438, 0.9977757334709167, 0.8623510599136353, 0.8804972767829895, 0.9128976464271545, 0.8330917954444885, 0.8212974667549133, 0.9239736795425415, 0.8773524165153503, 0.9415034055709839, 0.8291153907775879, 0.7150936126708984, 0.7950852513313293, 0.8983237743377686, 0.8477970361709595, 0.871491551399231], [0.8992709517478943, 0.8296127915382385, 0.8033419251441956, 0.9683014154434204, 0.8759206533432007, 0.8623510599136353, 0.9994952082633972, 0.856960117816925, 0.8736795783042908, 0.8025003671646118, 0.8371788859367371, 0.8272827863693237, 0.8158763647079468, 0.9033532738685608, 0.7789629697799683, 0.6784125566482544, 0.8736815452575684, 0.8316179513931274, 0.8718517422676086, 0.8633760809898376], [0.7709324955940247, 0.8200342059135437, 0.852871298789978, 0.8513932824134827, 0.8717889785766602, 0.8804972767829895, 0.856960117816925, 1.0020114183425903, 0.8498207926750183, 0.8152042627334595, 0.8286725878715515, 0.8606584072113037, 0.7947749495506287, 0.9219629764556885, 0.8125710487365723, 0.7215277552604675, 0.7766104936599731, 0.8573122024536133, 0.8495982885360718, 0.8572522401809692], [0.7950074672698975, 0.8125327825546265, 0.8607317805290222, 0.8657561540603638, 0.905301570892334, 0.9128976464271545, 0.8736795783042908, 0.8498207926750183, 0.9989253878593445, 0.8730100989341736, 0.8372833132743835, 0.8692329525947571, 0.8903883695602417, 0.8955826163291931, 0.86370849609375, 0.7107104063034058, 0.8604112863540649, 0.853360116481781, 0.8778120875358582, 0.91518235206604], [0.7804873585700989, 0.8298007845878601, 0.841771125793457, 0.7928481101989746, 0.8736176490783691, 0.8330917954444885, 0.8025004267692566, 0.8152042627334595, 0.8730100989341736, 0.9964814186096191, 0.8390114307403564, 0.8131091594696045, 0.867385745048523, 0.8346228003501892, 0.9792280793190002, 0.7233360409736633, 0.8294225931167603, 0.8087496757507324, 0.9104148149490356, 0.8620943427085876], [0.8056676387786865, 0.8984639048576355, 0.7972433567047119, 0.8300849199295044, 0.8591105937957764, 0.8212974667549133, 0.8371788859367371, 0.8286725878715515, 0.8372833132743835, 0.8390113115310669, 0.9986359477043152, 0.7953742742538452, 0.8324915170669556, 0.8506191968917847, 0.8235902190208435, 0.7474174499511719, 0.8115267753601074, 0.8438583016395569, 0.8475437760353088, 0.8576133847236633], [0.7216936945915222, 0.7662918567657471, 0.8886242508888245, 0.8240992426872253, 0.8613614439964294, 0.9239736795425415, 0.8272827863693237, 0.8606584072113037, 0.8692329525947571, 0.8131091594696045, 0.7953742742538452, 1.001281976699829, 0.8440167307853699, 0.9163763523101807, 0.8266496658325195, 0.6864013075828552, 0.7298376560211182, 0.8573921918869019, 0.8234341144561768, 0.8034306764602661], [0.8060137033462524, 0.8006027340888977, 0.8327968120574951, 0.8186177611351013, 0.852593183517456, 0.8773524165153503, 0.8158763647079468, 0.7947749495506287, 0.8903883695602417, 0.8673858046531677, 0.8324915170669556, 0.8440167307853699, 0.9995409250259399, 0.8593921661376953, 0.8515154123306274, 0.7547416687011719, 0.8115776777267456, 0.8218187689781189, 0.8494689464569092, 0.8832629323005676], [0.8113340139389038, 0.8330556750297546, 0.891356348991394, 0.9025617241859436, 0.9015017747879028, 0.9415034055709839, 0.9033532738685608, 0.9219629764556885, 0.8955826163291931, 0.8346228003501892, 0.8506191968917847, 0.9163763523101807, 0.8593921661376953, 0.9993781447410583, 0.8249094486236572, 0.7262596487998962, 0.811007022857666, 0.9136865139007568, 0.8693730235099792, 0.886504590511322], [0.744372546672821, 0.816072940826416, 0.8447003364562988, 0.7672181129455566, 0.8643063306808472, 0.8291153907775879, 0.7789629697799683, 0.8125710487365723, 0.8637085556983948, 0.9792280793190002, 0.8235902190208435, 0.8266496062278748, 0.8515154123306274, 0.8249094486236572, 0.9948432445526123, 0.7153961658477783, 0.8009952902793884, 0.795940101146698, 0.897846519947052, 0.8347926735877991], [0.6726722121238708, 0.7765761613845825, 0.7205601930618286, 0.6785257458686829, 0.7646129131317139, 0.7150936126708984, 0.6784125566482544, 0.7215277552604675, 0.7107104063034058, 0.7233360409736633, 0.7474174499511719, 0.6864013075828552, 0.7547416687011719, 0.7262596487998962, 0.7153961658477783, 1.0063270330429077, 0.6922376155853271, 0.7053937315940857, 0.7502237558364868, 0.7269935607910156], [0.9075502157211304, 0.8269119262695312, 0.7305312752723694, 0.8892362713813782, 0.7972385883331299, 0.7950852513313293, 0.8736815452575684, 0.7766104936599731, 0.8604112863540649, 0.8294225931167603, 0.8115267753601074, 0.7298376560211182, 0.8115776777267456, 0.811007022857666, 0.8009952902793884, 0.6922376155853271, 1.0020276308059692, 0.7288933396339417, 0.8287491798400879, 0.8922610878944397], [0.7249484658241272, 0.8401164412498474, 0.8822023272514343, 0.808997392654419, 0.9024661183357239, 0.8983237743377686, 0.8316179513931274, 0.8573122024536133, 0.8533601760864258, 0.8087496757507324, 0.8438583016395569, 0.8573921918869019, 0.8218187689781189, 0.9136865139007568, 0.795940101146698, 0.7053937315940857, 0.7288933396339417, 0.9968256950378418, 0.845244824886322, 0.8447309136390686], [0.8421483039855957, 0.8458309769630432, 0.8560405969619751, 0.8385189771652222, 0.9511188268661499, 0.8477970361709595, 0.8718517422676086, 0.8495982885360718, 0.8778120875358582, 0.9104148149490356, 0.8475437760353088, 0.8234341144561768, 0.8494689464569092, 0.8693730235099792, 0.8978465795516968, 0.7502237558364868, 0.8287491798400879, 0.845244824886322, 0.9957822561264038, 0.870186984539032], [0.8434406518936157, 0.8394765257835388, 0.8133901953697205, 0.8712282776832581, 0.8789278268814087, 0.871491551399231, 0.8633760213851929, 0.857252299785614, 0.9151822924613953, 0.8620943427085876, 0.8576133847236633, 0.8034306764602661, 0.8832628726959229, 0.886504590511322, 0.8347926735877991, 0.7269935607910156, 0.8922610878944397, 0.8447310328483582, 0.870186984539032, 0.9976927042007446]]}
{"idx": 2, "question": "Tell me the plot line in 5 sentences for a romcom movie set in rural Kansas for Easter.", "score": [[1.0026195049285889, 0.9072842597961426, 0.8261792063713074, 0.7759109139442444, 0.9186776876449585, 0.8110055923461914, 0.8245888948440552, 0.7854199409484863, 0.7567059993743896, 0.897027850151062, 0.7948138117790222, 0.7345649003982544, 0.9269963502883911, 0.8825275301933289, 0.7388131618499756, 0.8130295276641846, 0.7680419683456421, 0.8023298978805542, 0.912022590637207, 0.8016602993011475], [0.9072842597961426, 1.0019357204437256, 0.7640134692192078, 0.7492092847824097, 0.85773766040802, 0.740810751914978, 0.822913646697998, 0.7294132113456726, 0.7144350409507751, 0.8803093433380127, 0.7139407992362976, 0.6820071935653687, 0.9137353897094727, 0.8683648109436035, 0.7318353652954102, 0.7935490608215332, 0.7428910136222839, 0.754892885684967, 0.885323166847229, 0.763031005859375], [0.8261792063713074, 0.7640134692192078, 1.0027397871017456, 0.8422386050224304, 0.818771481513977, 0.8587740659713745, 0.6786611080169678, 0.9313814043998718, 0.8427571058273315, 0.7807238698005676, 0.8917009234428406, 0.8115903735160828, 0.7908283472061157, 0.7679274678230286, 0.8421422839164734, 0.727470874786377, 0.8546381592750549, 0.847732663154602, 0.803277850151062, 0.8663193583488464], [0.7759109139442444, 0.7492092847824097, 0.8422385454177856, 1.0005489587783813, 0.7908434271812439, 0.8020467162132263, 0.7053049206733704, 0.838667631149292, 0.810672402381897, 0.7584196925163269, 0.7961426973342896, 0.7882473468780518, 0.7577908039093018, 0.7235109806060791, 0.8393970727920532, 0.7466625571250916, 0.8085780143737793, 0.8632621765136719, 0.7708754539489746, 0.8465883135795593], [0.9186776876449585, 0.85773766040802, 0.818771481513977, 0.7908434271812439, 1.0059401988983154, 0.7916605472564697, 0.8207183480262756, 0.7887624502182007, 0.7490291595458984, 0.8601144552230835, 0.7962104082107544, 0.7937870621681213, 0.8937653303146362, 0.8821099996566772, 0.7943599224090576, 0.8246108293533325, 0.7671739459037781, 0.7976518273353577, 0.8934184908866882, 0.7902252674102783], [0.8110055923461914, 0.740810751914978, 0.8587740659713745, 0.8020467162132263, 0.7916605472564697, 0.9978000521659851, 0.7446367740631104, 0.8779991865158081, 0.9372513294219971, 0.7538024187088013, 0.9069107174873352, 0.7786073684692383, 0.7685942053794861, 0.7719762325286865, 0.83344966173172, 0.7877265214920044, 0.8572177886962891, 0.8928992748260498, 0.824253499507904, 0.8954172730445862], [0.8245888948440552, 0.822913646697998, 0.6786611080169678, 0.7053049802780151, 0.8207183480262756, 0.7446367740631104, 0.9971169233322144, 0.6538568735122681, 0.7481459379196167, 0.8018073439598083, 0.6754858493804932, 0.650582492351532, 0.8322576284408569, 0.8305302858352661, 0.6807795763015747, 0.8120690584182739, 0.6718997955322266, 0.7357617616653442, 0.8537885546684265, 0.7128522992134094], [0.7854199409484863, 0.7294132113456726, 0.9313814043998718, 0.838667631149292, 0.7887624502182007, 0.8779991865158081, 0.6538568735122681, 1.007270336151123, 0.8689731955528259, 0.7611806392669678, 0.8644406795501709, 0.8321934938430786, 0.7552982568740845, 0.7460842132568359, 0.8986306190490723, 0.7358016967773438, 0.8836159110069275, 0.85966557264328, 0.7794680595397949, 0.8708748817443848], [0.7567059993743896, 0.7144350409507751, 0.8427571058273315, 0.810672402381897, 0.7490291595458984, 0.9372513294219971, 0.7481459379196167, 0.8689731955528259, 0.9940540790557861, 0.7433443665504456, 0.8798811435699463, 0.7625075578689575, 0.7231976985931396, 0.754058837890625, 0.8399226069450378, 0.7852016091346741, 0.8222091794013977, 0.9012874364852905, 0.812457799911499, 0.8734444379806519], [0.897027850151062, 0.8803093433380127, 0.7807238698005676, 0.7584196925163269, 0.8601144552230835, 0.753802478313446, 0.8018073439598083, 0.7611806392669678, 0.7433443665504456, 0.9998529553413391, 0.7347931861877441, 0.6734739542007446, 0.868030846118927, 0.8575140833854675, 0.7318160533905029, 0.8109286427497864, 0.7006290555000305, 0.7885477542877197, 0.8949539065361023, 0.789529025554657], [0.7948138117790222, 0.7139407992362976, 0.8917009234428406, 0.7961426973342896, 0.7962104082107544, 0.9069107174873352, 0.6754858493804932, 0.8644406795501709, 0.8798812031745911, 0.7347931861877441, 1.0002669095993042, 0.7925437092781067, 0.7601883411407471, 0.7359415888786316, 0.8060290813446045, 0.7061883211135864, 0.8317573666572571, 0.8523696660995483, 0.8051457405090332, 0.8496795892715454], [0.7345649003982544, 0.6820071935653687, 0.8115904331207275, 0.7882473468780518, 0.7937870621681213, 0.7786073684692383, 0.650582492351532, 0.8321934938430786, 0.7625076174736023, 0.6734739542007446, 0.7925437092781067, 0.9987828731536865, 0.714805006980896, 0.6937569975852966, 0.8741545081138611, 0.6699181795120239, 0.82354336977005, 0.7624309062957764, 0.7142173051834106, 0.7820349335670471], [0.9269963502883911, 0.9137353897094727, 0.7908283472061157, 0.7577908039093018, 0.8937652707099915, 0.7685943245887756, 0.8322576284408569, 0.7552982568740845, 0.7231976985931396, 0.868030846118927, 0.7601883411407471, 0.714805006980896, 0.9996068477630615, 0.8365310430526733, 0.7251826524734497, 0.7970651984214783, 0.7444934844970703, 0.7871313691139221, 0.8936222195625305, 0.7868965864181519], [0.8825275301933289, 0.8683648109436035, 0.7679274678230286, 0.7235109806060791, 0.8821099996566772, 0.7719762325286865, 0.8305302858352661, 0.7460840940475464, 0.754058837890625, 0.8575140833854675, 0.7359415888786316, 0.6937569975852966, 0.8365310430526733, 0.996997058391571, 0.7506446838378906, 0.8580738306045532, 0.7124922871589661, 0.7521003484725952, 0.8909188508987427, 0.7732269763946533], [0.7388131618499756, 0.7318353652954102, 0.8421422839164734, 0.8393970727920532, 0.7943599224090576, 0.83344966173172, 0.6807796359062195, 0.8986306190490723, 0.8399226069450378, 0.7318160533905029, 0.8060291409492493, 0.8741545081138611, 0.7251826524734497, 0.7506446838378906, 0.9982478022575378, 0.7346829771995544, 0.8576956987380981, 0.8156489729881287, 0.7572412490844727, 0.8274551630020142], [0.8130295276641846, 0.7935490608215332, 0.727470874786377, 0.7466625571250916, 0.8246108293533325, 0.7877265214920044, 0.8120690584182739, 0.7358017563819885, 0.7852016091346741, 0.8109286427497864, 0.7061883211135864, 0.6699181795120239, 0.7970651984214783, 0.8580738306045532, 0.7346829175949097, 0.9980652332305908, 0.7209169268608093, 0.8036710619926453, 0.8662257194519043, 0.8033572435379028], [0.7680419683456421, 0.7428910136222839, 0.8546381592750549, 0.8085780143737793, 0.7671739459037781, 0.8572177886962891, 0.6718997955322266, 0.8836159110069275, 0.8222091794013977, 0.7006291151046753, 0.8317573666572571, 0.82354336977005, 0.7444934844970703, 0.7124922871589661, 0.8576957583427429, 0.7209169268608093, 1.0009472370147705, 0.8175353407859802, 0.7620064616203308, 0.8297526836395264], [0.8023298978805542, 0.754892885684967, 0.847732663154602, 0.8632621765136719, 0.7976518273353577, 0.8928992748260498, 0.7357617616653442, 0.85966557264328, 0.9012874364852905, 0.7885477542877197, 0.8523696660995483, 0.7624309062957764, 0.7871313691139221, 0.7521003484725952, 0.8156489729881287, 0.8036710619926453, 0.8175353407859802, 0.9980249404907227, 0.8313746452331543, 0.8949735164642334], [0.912022590637207, 0.885323166847229, 0.803277850151062, 0.7708754539489746, 0.8934184908866882, 0.8242536187171936, 0.8537885546684265, 0.7794680595397949, 0.812457799911499, 0.8949539065361023, 0.8051457405090332, 0.7142173051834106, 0.8936222195625305, 0.8909188508987427, 0.7572412490844727, 0.8662257194519043, 0.7620064616203308, 0.8313746452331543, 1.0010792016983032, 0.8275587558746338], [0.8016602993011475, 0.7630310654640198, 0.8663193583488464, 0.8465884327888489, 0.7902252674102783, 0.8954172730445862, 0.7128522992134094, 0.8708748817443848, 0.8734444975852966, 0.789529025554657, 0.8496795892715454, 0.7820350527763367, 0.7868965864181519, 0.7732269763946533, 0.8274551630020142, 0.8033572435379028, 0.8297526836395264, 0.8949734568595886, 0.8275587558746338, 0.9998341798782349]]}
{"idx": 3, "question": "Write a haiku about a whale and a walnut tree.", "score": [[0.997427761554718, 0.8813022971153259, 0.9298425912857056, 0.8150371313095093, 0.91427081823349, 0.8990307450294495, 0.8922618627548218, 0.8197055459022522, 0.9241669178009033, 0.8632659316062927, 0.8616992235183716, 0.8896486163139343, 0.8839958906173706, 0.9191809892654419, 0.8979403972625732, 0.8532878160476685, 0.9470274448394775, 0.9165130257606506], [0.8813022971153259, 0.9952903389930725, 0.8997158408164978, 0.8036924004554749, 0.9231590628623962, 0.8901916742324829, 0.8501624464988708, 0.8120769262313843, 0.9137593507766724, 0.841292142868042, 0.8401148915290833, 0.8569648265838623, 0.8507816791534424, 0.901334285736084, 0.8389320373535156, 0.8584010601043701, 0.8655146360397339, 0.8752317428588867], [0.9298425912857056, 0.8997158408164978, 0.9956250190734863, 0.8251358866691589, 0.9174990057945251, 0.8926799297332764, 0.9150136709213257, 0.8314430117607117, 0.9679675102233887, 0.870585024356842, 0.8929619789123535, 0.8936170935630798, 0.874293327331543, 0.945965051651001, 0.8960608839988708, 0.9013938307762146, 0.9269130229949951, 0.8917868137359619], [0.8150371313095093, 0.8036924004554749, 0.8251358866691589, 1.002381443977356, 0.7932301163673401, 0.8237262964248657, 0.8000931739807129, 0.7802313566207886, 0.8421034812927246, 0.7556796669960022, 0.7761082649230957, 0.8299900889396667, 0.7967410087585449, 0.8545317053794861, 0.815394937992096, 0.8730533123016357, 0.7923020720481873, 0.7713332772254944], [0.91427081823349, 0.9231590628623962, 0.9174990057945251, 0.7932301163673401, 0.9996938705444336, 0.8801150321960449, 0.8587081432342529, 0.8042910099029541, 0.9250726699829102, 0.8530555367469788, 0.8493590354919434, 0.8732216954231262, 0.8511653542518616, 0.9169373512268066, 0.8405857086181641, 0.8523644208908081, 0.8868975043296814, 0.8797599077224731], [0.8990307450294495, 0.8901916742324829, 0.8926799297332764, 0.8237262964248657, 0.8801150321960449, 0.9934086799621582, 0.8448200821876526, 0.7529163956642151, 0.9217996001243591, 0.8200685381889343, 0.8517792820930481, 0.9163205027580261, 0.9110038876533508, 0.8602755069732666, 0.9093970060348511, 0.8382073044776917, 0.8904746770858765, 0.8943885564804077], [0.8922619223594666, 0.8501624464988708, 0.9150136709213257, 0.8000931739807129, 0.8587081432342529, 0.8448200821876526, 1.005624532699585, 0.788781464099884, 0.9227118492126465, 0.8397369384765625, 0.8301606178283691, 0.8749122023582458, 0.8420586585998535, 0.9040825963020325, 0.8635919094085693, 0.8423293828964233, 0.8717811107635498, 0.8533337712287903], [0.8197055459022522, 0.8120769262313843, 0.8314430117607117, 0.7802314162254333, 0.8042910099029541, 0.7529163956642151, 0.788781464099884, 1.0050029754638672, 0.8081784844398499, 0.8649773597717285, 0.7526004910469055, 0.7736292481422424, 0.7573288083076477, 0.8493845462799072, 0.7578990459442139, 0.8240740299224854, 0.8113082051277161, 0.8135960698127747], [0.9241669178009033, 0.9137593507766724, 0.9679675102233887, 0.8421034812927246, 0.9250726699829102, 0.9217995405197144, 0.9227118492126465, 0.8081784844398499, 1.0062907934188843, 0.8541403412818909, 0.8808068037033081, 0.8887590169906616, 0.8771132230758667, 0.9292671084403992, 0.8941343426704407, 0.8862510323524475, 0.9031298756599426, 0.8774189949035645], [0.8632659316062927, 0.841292142868042, 0.870585024356842, 0.7556796669960022, 0.8530555367469788, 0.8200685381889343, 0.8397368788719177, 0.8649773001670837, 0.8541403412818909, 0.999213457107544, 0.8125718235969543, 0.8751212358474731, 0.8359847664833069, 0.8565686345100403, 0.8108732104301453, 0.8436342477798462, 0.8584969639778137, 0.8663773536682129], [0.8616992235183716, 0.8401148915290833, 0.8929619789123535, 0.7761082649230957, 0.8493590354919434, 0.8517792820930481, 0.8301606178283691, 0.7526004910469055, 0.8808068633079529, 0.8125718235969543, 1.0060361623764038, 0.8784568309783936, 0.8426393866539001, 0.8868942260742188, 0.8296118974685669, 0.8711702823638916, 0.8396020531654358, 0.8549467921257019], [0.8896486163139343, 0.8569648265838623, 0.8936170935630798, 0.8299900889396667, 0.8732216954231262, 0.9163205027580261, 0.8749123215675354, 0.7736292481422424, 0.8887590169906616, 0.8751212358474731, 0.8784568309783936, 1.00121009349823, 0.9220662117004395, 0.8790885210037231, 0.8932632803916931, 0.8558908104896545, 0.8782491087913513, 0.90241938829422], [0.8839958906173706, 0.8507816791534424, 0.874293327331543, 0.7967410087585449, 0.8511653542518616, 0.9110038876533508, 0.8420586585998535, 0.7573288083076477, 0.8771132230758667, 0.8359847664833069, 0.8426393866539001, 0.9220662117004395, 1.0016286373138428, 0.8507176041603088, 0.8910835385322571, 0.8204405903816223, 0.9214454889297485, 0.9589291214942932], [0.9191811084747314, 0.901334285736084, 0.945965051651001, 0.8545317053794861, 0.9169373512268066, 0.8602755069732666, 0.9040825963020325, 0.8493845462799072, 0.9292671084403992, 0.8565686345100403, 0.8868942260742188, 0.8790885210037231, 0.8507176041603088, 0.998212993144989, 0.8593148589134216, 0.9163488149642944, 0.8906477689743042, 0.8756557703018188], [0.8979403972625732, 0.8389320373535156, 0.8960608839988708, 0.815394937992096, 0.8405857086181641, 0.9093970060348511, 0.8635919094085693, 0.7578989863395691, 0.8941343426704407, 0.8108732104301453, 0.8296118974685669, 0.8932633399963379, 0.8910835385322571, 0.8593148589134216, 1.0013490915298462, 0.8265170454978943, 0.8945956826210022, 0.8783226013183594], [0.8532878160476685, 0.8584010601043701, 0.9013938307762146, 0.8730533123016357, 0.8523644208908081, 0.8382073044776917, 0.8423293828964233, 0.8240740299224854, 0.8862510323524475, 0.8436342477798462, 0.871170163154602, 0.8558908104896545, 0.8204405903816223, 0.9163488149642944, 0.8265170454978943, 0.9928796291351318, 0.8338170051574707, 0.8238699436187744], [0.947027325630188, 0.8655146956443787, 0.9269130229949951, 0.7923020720481873, 0.8868975639343262, 0.8904746770858765, 0.8717811107635498, 0.8113082051277161, 0.9031298160552979, 0.8584968447685242, 0.8396020531654358, 0.8782491087913513, 0.9214455485343933, 0.890647828578949, 0.8945956230163574, 0.8338170051574707, 1.0018413066864014, 0.9516807794570923], [0.9165129661560059, 0.8752318024635315, 0.8917869329452515, 0.7713332772254944, 0.8797599077224731, 0.8943886756896973, 0.8533338308334351, 0.8135960698127747, 0.8774189352989197, 0.8663773536682129, 0.8549467325210571, 0.90241938829422, 0.9589292407035828, 0.8756557703018188, 0.8783226013183594, 0.8238698840141296, 0.9516807794570923, 1.0041345357894897]]}
{"idx": 4, "question": "Write a short love poem with 4 lines.", "score": [[1.0053776502609253, 0.8665169477462769, 0.7900301218032837, 0.7720627188682556, 0.7829193472862244, 0.8257310390472412, 0.8239125609397888, 0.7304335832595825, 0.8208105564117432, 0.9248936176300049, 0.7582910060882568, 0.8916945457458496, 0.8305109739303589, 0.8268163800239563, 0.9035030007362366, 0.7878226637840271, 0.8846417665481567, 0.8555472493171692, 0.8609977960586548, 0.740706741809845], [0.8665169477462769, 0.9956313371658325, 0.7837206125259399, 0.757853090763092, 0.7703149318695068, 0.8425222039222717, 0.850980281829834, 0.7119262218475342, 0.8345832228660583, 0.8442655205726624, 0.7517876625061035, 0.8690083026885986, 0.8258167505264282, 0.8370316028594971, 0.8598337769508362, 0.7834929823875427, 0.886030912399292, 0.8673654198646545, 0.8291396498680115, 0.7396243810653687], [0.7900301218032837, 0.7837206125259399, 1.0024752616882324, 0.7884083390235901, 0.7347328662872314, 0.8050471544265747, 0.7531443238258362, 0.6701250076293945, 0.7509450316429138, 0.779111921787262, 0.7152769565582275, 0.8112558722496033, 0.7619156837463379, 0.9016764163970947, 0.8007045388221741, 0.7241198420524597, 0.7758606672286987, 0.7297859787940979, 0.7332399487495422, 0.7432158589363098], [0.7720627188682556, 0.757853090763092, 0.7884083390235901, 0.9974029660224915, 0.6665430665016174, 0.7385751008987427, 0.7762542963027954, 0.7211213707923889, 0.7328473925590515, 0.7395038604736328, 0.7204265594482422, 0.8237631916999817, 0.7061631679534912, 0.7523583173751831, 0.7863890528678894, 0.7124953866004944, 0.7693334221839905, 0.7768900990486145, 0.7310828566551208, 0.7112589478492737], [0.7829193472862244, 0.7703149318695068, 0.7347328066825867, 0.6665430665016174, 1.0072932243347168, 0.7238758206367493, 0.8308411836624146, 0.6958885192871094, 0.8332521319389343, 0.8158246874809265, 0.7581753134727478, 0.7820485830307007, 0.8416688442230225, 0.8040089011192322, 0.7963443398475647, 0.7522382736206055, 0.7780076861381531, 0.7763396501541138, 0.7869818806648254, 0.7607848048210144], [0.8257310390472412, 0.8425222039222717, 0.8050471544265747, 0.7385751008987427, 0.7238758206367493, 0.9968322515487671, 0.787603497505188, 0.6945874691009521, 0.7797634601593018, 0.8249306678771973, 0.6923485994338989, 0.8267070055007935, 0.7847448587417603, 0.803848147392273, 0.8675565719604492, 0.8003258109092712, 0.8319539427757263, 0.7629776000976562, 0.7809121608734131, 0.6714860796928406], [0.8239125609397888, 0.850980281829834, 0.7531443238258362, 0.7762542963027954, 0.8308411836624146, 0.787603497505188, 1.0049701929092407, 0.7434386610984802, 0.879270076751709, 0.8594433069229126, 0.8592514991760254, 0.8716245293617249, 0.8417726159095764, 0.8065183758735657, 0.8315979242324829, 0.8007273077964783, 0.8275067806243896, 0.879846453666687, 0.7858185172080994, 0.810206949710846], [0.7304335832595825, 0.7119262218475342, 0.6701250076293945, 0.7211213707923889, 0.6958885192871094, 0.6945874691009521, 0.7434386610984802, 1.0007917881011963, 0.7031289935112, 0.7168142795562744, 0.685278594493866, 0.7517313361167908, 0.7035418748855591, 0.7407953143119812, 0.7412981390953064, 0.7236713171005249, 0.7604563236236572, 0.7545638084411621, 0.757989227771759, 0.6717904210090637], [0.8208105564117432, 0.8345833420753479, 0.7509450316429138, 0.7328473925590515, 0.8332521319389343, 0.7797635793685913, 0.879270076751709, 0.7031289935112, 1.004241704940796, 0.864801824092865, 0.8359097242355347, 0.8447667956352234, 0.8802239894866943, 0.7897897958755493, 0.8073842525482178, 0.7840999364852905, 0.8289244771003723, 0.8032634854316711, 0.8219844102859497, 0.7926703095436096], [0.9248936176300049, 0.8442655205726624, 0.779111921787262, 0.7395038604736328, 0.8158246874809265, 0.8249306678771973, 0.8594433069229126, 0.7168142795562744, 0.864801824092865, 0.9945566058158875, 0.8229082822799683, 0.8639923334121704, 0.8677965998649597, 0.8129963874816895, 0.9104812741279602, 0.7929479479789734, 0.848703920841217, 0.8180375695228577, 0.8309966325759888, 0.7806614637374878], [0.7582910060882568, 0.7517876625061035, 0.7152769565582275, 0.7204265594482422, 0.7581753134727478, 0.6923485994338989, 0.8592514991760254, 0.685278594493866, 0.8359097242355347, 0.8229082226753235, 0.9976961612701416, 0.8215923309326172, 0.7631270289421082, 0.7470227479934692, 0.7660698294639587, 0.7354793548583984, 0.7271889448165894, 0.7735900282859802, 0.745785117149353, 0.8230125904083252], [0.8916945457458496, 0.8690083026885986, 0.8112558722496033, 0.8237631916999817, 0.7820486426353455, 0.8267070055007935, 0.8716245293617249, 0.7517313361167908, 0.8447667956352234, 0.8639923334121704, 0.8215923309326172, 1.0071896314620972, 0.789196252822876, 0.8529043197631836, 0.8767799139022827, 0.8138751983642578, 0.8817210793495178, 0.8748043179512024, 0.8235185742378235, 0.7724732160568237], [0.8305109739303589, 0.8258167505264282, 0.7619156837463379, 0.7061631679534912, 0.8416688442230225, 0.7847447991371155, 0.8417726159095764, 0.7035418748855591, 0.8802239894866943, 0.8677965998649597, 0.7631271481513977, 0.789196252822876, 0.9941156506538391, 0.7969956994056702, 0.8168388605117798, 0.7533620595932007, 0.8250911831855774, 0.7789140939712524, 0.8694050908088684, 0.7722659111022949], [0.8268163800239563, 0.8370316028594971, 0.9016764163970947, 0.7523583173751831, 0.8040089011192322, 0.803848147392273, 0.8065183758735657, 0.7407953143119812, 0.7897897958755493, 0.8129963874816895, 0.7470227479934692, 0.8529043197631836, 0.7969956994056702, 0.9993019700050354, 0.825961709022522, 0.7464758157730103, 0.8654525279998779, 0.7964910864830017, 0.7843555212020874, 0.7520936131477356], [0.9035030007362366, 0.8598337769508362, 0.8007045388221741, 0.7863890528678894, 0.7963443398475647, 0.8675565719604492, 0.8315979242324829, 0.7412981390953064, 0.8073842525482178, 0.9104812741279602, 0.7660698294639587, 0.8767799139022827, 0.8168388605117798, 0.825961709022522, 1.0012768507003784, 0.809485912322998, 0.862448513507843, 0.8495399951934814, 0.8110649585723877, 0.7160042524337769], [0.7878226637840271, 0.7834929823875427, 0.7241198420524597, 0.7124953866004944, 0.7522383332252502, 0.8003258109092712, 0.8007273077964783, 0.7236712574958801, 0.7840999364852905, 0.7929479479789734, 0.7354793548583984, 0.8138751983642578, 0.7533620595932007, 0.7464758157730103, 0.809485912322998, 0.9964678287506104, 0.7740747332572937, 0.7805103659629822, 0.7393437027931213, 0.7059828042984009], [0.8846417665481567, 0.886030912399292, 0.7758606672286987, 0.7693334221839905, 0.7780076861381531, 0.8319539427757263, 0.8275067806243896, 0.7604563236236572, 0.8289244771003723, 0.848703920841217, 0.7271889448165894, 0.8817210793495178, 0.8250911831855774, 0.8654525279998779, 0.8624484539031982, 0.7740747332572937, 1.003840446472168, 0.8506231307983398, 0.8288822174072266, 0.700751781463623], [0.8555472493171692, 0.8673654198646545, 0.7297859787940979, 0.7768900990486145, 0.7763396501541138, 0.762977659702301, 0.879846453666687, 0.7545638084411621, 0.8032634854316711, 0.8180375695228577, 0.7735900282859802, 0.8748042583465576, 0.7789140939712524, 0.7964910864830017, 0.8495399951934814, 0.7805103659629822, 0.8506230711936951, 0.9950723648071289, 0.8323041200637817, 0.7387723922729492], [0.8609977960586548, 0.8291396498680115, 0.7332399487495422, 0.7310828566551208, 0.7869818806648254, 0.7809121608734131, 0.7858185172080994, 0.757989227771759, 0.8219844102859497, 0.8309966325759888, 0.745785117149353, 0.8235185742378235, 0.8694050312042236, 0.7843555212020874, 0.8110649585723877, 0.7393437027931213, 0.8288822174072266, 0.8323041200637817, 1.004799485206604, 0.731224000453949], [0.740706741809845, 0.7396243810653687, 0.7432158589363098, 0.7112589478492737, 0.7607848048210144, 0.6714860796928406, 0.810206949710846, 0.6717904210090637, 0.7926703095436096, 0.7806614637374878, 0.8230125904083252, 0.7724732160568237, 0.7722659111022949, 0.7520936131477356, 0.7160042524337769, 0.7059828042984009, 0.700751781463623, 0.7387723326683044, 0.731224000453949, 0.9973288774490356]]}
