{"idx": 0, "question": "Tell me a story in five sentences about a girl and her dog.", "score": [[1.0049941539764404, 0.8565360903739929, 0.8243632912635803, 0.8623018860816956, 0.689703106880188, 0.7806466817855835, 0.773548424243927, 0.8571096062660217, 0.865393877029419, 0.9175034761428833, 0.8944674730300903, 0.8734790086746216, 0.8831321597099304, 0.8390877842903137, 0.8952475786209106, 0.8691269755363464, 0.8878546953201294, 0.8531811237335205, 0.8973458409309387, 0.8213756680488586], [0.8565360903739929, 1.000654697418213, 0.8361831903457642, 0.8153524398803711, 0.7143054604530334, 0.799506664276123, 0.840815544128418, 0.8136144876480103, 0.81205815076828, 0.9061071872711182, 0.8261921405792236, 0.8330358862876892, 0.7956029772758484, 0.7745974063873291, 0.8545858263969421, 0.9014480710029602, 0.8672300577163696, 0.8302163481712341, 0.8875299692153931, 0.8918045163154602], [0.8243632912635803, 0.8361831903457642, 0.9983720779418945, 0.7888050079345703, 0.7959938645362854, 0.8589861392974854, 0.7689704895019531, 0.7833508849143982, 0.7879923582077026, 0.846281886100769, 0.7393146753311157, 0.7907465100288391, 0.7566516995429993, 0.8513858914375305, 0.800000786781311, 0.7822330594062805, 0.8412660360336304, 0.8413516283035278, 0.8666583299636841, 0.8631421327590942], [0.8623018860816956, 0.8153524398803711, 0.7888050079345703, 0.9954313039779663, 0.6370115280151367, 0.723922610282898, 0.7503812313079834, 0.8428056240081787, 0.8813215494155884, 0.9055768251419067, 0.842343807220459, 0.8839747905731201, 0.8987760543823242, 0.8372724056243896, 0.8451362252235413, 0.8239691853523254, 0.8273804187774658, 0.7913798689842224, 0.8911622166633606, 0.8070223927497864], [0.689703106880188, 0.7143054604530334, 0.7959938645362854, 0.6370115280151367, 0.996667742729187, 0.7483819723129272, 0.6574950814247131, 0.6797155141830444, 0.6602737903594971, 0.7128535509109497, 0.6284462809562683, 0.6630704402923584, 0.6123188734054565, 0.6858657002449036, 0.6958041191101074, 0.6812663078308105, 0.7229165434837341, 0.7229050397872925, 0.7371996641159058, 0.7171319723129272], [0.7806466817855835, 0.799506664276123, 0.8589861392974854, 0.723922610282898, 0.7483819723129272, 1.005953073501587, 0.7683401703834534, 0.8320540189743042, 0.7299023866653442, 0.8129005432128906, 0.7117518782615662, 0.7597894668579102, 0.7044057250022888, 0.8095834255218506, 0.8298578262329102, 0.7606748938560486, 0.8895868062973022, 0.828109622001648, 0.8091415166854858, 0.8211629390716553], [0.773548424243927, 0.840815544128418, 0.7689704895019531, 0.7503812313079834, 0.6574950814247131, 0.7683401703834534, 1.0030368566513062, 0.7678524851799011, 0.7189422845840454, 0.8223317265510559, 0.7523490190505981, 0.7693014740943909, 0.8215000629425049, 0.7654222249984741, 0.7779044508934021, 0.809241771697998, 0.7991764545440674, 0.782758355140686, 0.7880002856254578, 0.8644014000892639], [0.8571096062660217, 0.8136143684387207, 0.7833508849143982, 0.8428056240081787, 0.6797155141830444, 0.8320540189743042, 0.7678524851799011, 1.0063202381134033, 0.8935157060623169, 0.8931454420089722, 0.8723669052124023, 0.8660092353820801, 0.815685510635376, 0.780547559261322, 0.9307988882064819, 0.8247906565666199, 0.9162139296531677, 0.7795184850692749, 0.9003810286521912, 0.767137348651886], [0.8653939366340637, 0.81205815076828, 0.7879923582077026, 0.8813215494155884, 0.6602737903594971, 0.7299023866653442, 0.7189422845840454, 0.8935157060623169, 1.0001349449157715, 0.9110511541366577, 0.8860735893249512, 0.8782501220703125, 0.856118381023407, 0.819322943687439, 0.8761270046234131, 0.8451719880104065, 0.8453530073165894, 0.7814451456069946, 0.902205228805542, 0.750480055809021], [0.9175034761428833, 0.9061071872711182, 0.846281886100769, 0.9055768251419067, 0.7128535509109497, 0.8129005432128906, 0.8223317861557007, 0.8931454420089722, 0.9110511541366577, 1.0026254653930664, 0.8840070366859436, 0.8966392874717712, 0.8844430446624756, 0.8507823348045349, 0.9151641130447388, 0.9157189130783081, 0.9014684557914734, 0.8666684627532959, 0.936841607093811, 0.856374979019165], [0.8944674730300903, 0.8261921405792236, 0.739314615726471, 0.842343807220459, 0.6284462213516235, 0.7117518782615662, 0.7523490190505981, 0.8723669052124023, 0.8860735297203064, 0.8840070366859436, 0.9952453970909119, 0.8852857947349548, 0.861547589302063, 0.7970821857452393, 0.8673205375671387, 0.862736165523529, 0.843320906162262, 0.7627151608467102, 0.8596659898757935, 0.7386831045150757], [0.8734790086746216, 0.8330358862876892, 0.7907465100288391, 0.8839747905731201, 0.6630704402923584, 0.7597894668579102, 0.7693014740943909, 0.8660092353820801, 0.8782501220703125, 0.8966392874717712, 0.8852857947349548, 1.0013214349746704, 0.8501152396202087, 0.869520902633667, 0.8589756488800049, 0.8432573676109314, 0.866317868232727, 0.8045899271965027, 0.8804529905319214, 0.8106979131698608], [0.8831321597099304, 0.7956029772758484, 0.7566516995429993, 0.8987760543823242, 0.6123188734054565, 0.7044057250022888, 0.8215000629425049, 0.815685510635376, 0.856118381023407, 0.8844430446624756, 0.861547589302063, 0.8501152396202087, 1.0001962184906006, 0.8406707644462585, 0.8428298234939575, 0.8109351992607117, 0.8171840906143188, 0.7833355665206909, 0.8413228392601013, 0.7920380234718323], [0.8390877842903137, 0.7745974063873291, 0.8513858914375305, 0.8372724056243896, 0.6858657002449036, 0.8095834255218506, 0.7654222249984741, 0.7805476784706116, 0.819322943687439, 0.8507823348045349, 0.7970823049545288, 0.869520902633667, 0.8406707644462585, 1.0012304782867432, 0.7981688976287842, 0.7882812023162842, 0.8341336250305176, 0.8279718160629272, 0.8267918825149536, 0.8210728168487549], [0.8952475786209106, 0.8545858263969421, 0.800000786781311, 0.8451362252235413, 0.6958041191101074, 0.8298578262329102, 0.7779044508934021, 0.9307988882064819, 0.8761270046234131, 0.9151641130447388, 0.8673204779624939, 0.8589756488800049, 0.8428298234939575, 0.7981688380241394, 1.0017344951629639, 0.8506834506988525, 0.9604870080947876, 0.8217408061027527, 0.9027827978134155, 0.7966103553771973], [0.8691269755363464, 0.9014480710029602, 0.7822330594062805, 0.8239691853523254, 0.6812663078308105, 0.7606748938560486, 0.809241771697998, 0.8247906565666199, 0.8451719284057617, 0.9157189130783081, 0.862736165523529, 0.8432573676109314, 0.8109351992607117, 0.7882812023162842, 0.8506834506988525, 1.0053452253341675, 0.8505731225013733, 0.8157715797424316, 0.8584760427474976, 0.8224374055862427], [0.8878546953201294, 0.8672300577163696, 0.8412660360336304, 0.8273804187774658, 0.7229165434837341, 0.8895868062973022, 0.7991764545440674, 0.9162139296531677, 0.8453530073165894, 0.9014684557914734, 0.843320906162262, 0.866317868232727, 0.8171840906143188, 0.8341336250305176, 0.9604870080947876, 0.8505731225013733, 1.0067138671875, 0.8393324613571167, 0.9004107713699341, 0.836071252822876], [0.8531811237335205, 0.8302163481712341, 0.8413516283035278, 0.7913798689842224, 0.7229050397872925, 0.828109622001648, 0.782758355140686, 0.7795184850692749, 0.7814451456069946, 0.8666684627532959, 0.7627151608467102, 0.8045899271965027, 0.7833355665206909, 0.8279718160629272, 0.8217408061027527, 0.8157715797424316, 0.8393324613571167, 1.0019787549972534, 0.8285467624664307, 0.8490007519721985], [0.8973458409309387, 0.8875299692153931, 0.8666583299636841, 0.8911622166633606, 0.7371996641159058, 0.8091415166854858, 0.7880002856254578, 0.9003810286521912, 0.902205228805542, 0.936841607093811, 0.8596659898757935, 0.8804531097412109, 0.8413228392601013, 0.8267918825149536, 0.9027827382087708, 0.8584760427474976, 0.9004107713699341, 0.8285467624664307, 1.0060455799102783, 0.8587000370025635], [0.8213756680488586, 0.8918043971061707, 0.8631421327590942, 0.8070223927497864, 0.7171319723129272, 0.8211629390716553, 0.8644014000892639, 0.767137348651886, 0.750480055809021, 0.856374979019165, 0.7386831045150757, 0.8106979131698608, 0.7920380234718323, 0.8210727572441101, 0.7966103553771973, 0.8224373459815979, 0.836071252822876, 0.8490007519721985, 0.8587000370025635, 0.9935851693153381]]}
{"idx": 1, "question": "Tell me a story in five sentences about a boy and his dog.", "score": [[0.99745774269104, 0.8227891325950623, 0.8458672165870667, 0.8298755884170532, 0.8224343657493591, 0.8602948784828186, 0.8019573092460632, 0.8919633030891418, 0.8503104448318481, 0.8027850985527039, 0.8032827377319336, 0.7856684923171997, 0.7241037487983704, 0.8589498996734619, 0.7220947742462158, 0.81391441822052, 0.7770259976387024, 0.7311204075813293, 0.85956209897995, 0.7948397994041443], [0.8227891325950623, 1.0059148073196411, 0.7645379900932312, 0.8077477812767029, 0.8028117418289185, 0.7956464290618896, 0.7837228775024414, 0.8427727222442627, 0.7643500566482544, 0.7944021224975586, 0.7810964584350586, 0.8016552925109863, 0.7125029563903809, 0.7805224657058716, 0.8271464109420776, 0.7624256014823914, 0.8967871069908142, 0.6729367971420288, 0.7994300127029419, 0.8280854225158691], [0.8458672165870667, 0.7645379900932312, 0.9930100440979004, 0.8055534958839417, 0.8426117300987244, 0.9433028697967529, 0.8076707720756531, 0.913396954536438, 0.8944030404090881, 0.8067834973335266, 0.8271555304527283, 0.8349081873893738, 0.7698534727096558, 0.8773929476737976, 0.7842050790786743, 0.8314750790596008, 0.7533047199249268, 0.7654005289077759, 0.8588301539421082, 0.7422713041305542], [0.8298755884170532, 0.8077477812767029, 0.8055534958839417, 0.9938280582427979, 0.8511372804641724, 0.8007475137710571, 0.8395417928695679, 0.8472605347633362, 0.8002509474754333, 0.7166814804077148, 0.7611572742462158, 0.7505202889442444, 0.7053346037864685, 0.7831493020057678, 0.7221126556396484, 0.7936881184577942, 0.7868452668190002, 0.6769160628318787, 0.8050988912582397, 0.7944803833961487], [0.8224343061447144, 0.8028117418289185, 0.8426117300987244, 0.8511372804641724, 0.9957237243652344, 0.833229124546051, 0.8714484572410583, 0.8575420379638672, 0.8100494742393494, 0.7517827153205872, 0.8801084756851196, 0.8371695876121521, 0.8143371939659119, 0.8070091009140015, 0.8142843246459961, 0.8937606811523438, 0.7915869355201721, 0.7616649866104126, 0.874396026134491, 0.7602179050445557], [0.8602948784828186, 0.7956464290618896, 0.9433028697967529, 0.8007474541664124, 0.833229124546051, 1.0064388513565063, 0.8072279691696167, 0.9182291030883789, 0.9061497449874878, 0.8367855548858643, 0.8346223831176758, 0.8335657715797424, 0.7965675592422485, 0.8943301439285278, 0.8000078797340393, 0.8223219513893127, 0.7830437421798706, 0.7609543204307556, 0.8673447370529175, 0.7659823298454285], [0.8019573092460632, 0.7837228775024414, 0.8076707720756531, 0.8395417332649231, 0.8714483976364136, 0.8072279691696167, 0.9962974190711975, 0.8439286947250366, 0.7836108207702637, 0.7118706703186035, 0.7427753210067749, 0.7621535658836365, 0.7026243805885315, 0.7766527533531189, 0.6882980465888977, 0.7600401639938354, 0.7230162024497986, 0.7228959202766418, 0.8080950975418091, 0.7185614705085754], [0.8919633030891418, 0.8427727222442627, 0.913396954536438, 0.8472605347633362, 0.8575420379638672, 0.9182291030883789, 0.8439286947250366, 0.9929852485656738, 0.9032870531082153, 0.8140385150909424, 0.8047473430633545, 0.8144773244857788, 0.7570318579673767, 0.8854886889457703, 0.7663528919219971, 0.8309506177902222, 0.8416637182235718, 0.751969575881958, 0.874897301197052, 0.7804096937179565], [0.8503104448318481, 0.7643500566482544, 0.8944031000137329, 0.8002509474754333, 0.8100495338439941, 0.9061498641967773, 0.7836108207702637, 0.9032870531082153, 0.997435986995697, 0.829311728477478, 0.830657958984375, 0.8479923605918884, 0.7981972694396973, 0.9213302135467529, 0.7821961641311646, 0.8551245927810669, 0.7868790030479431, 0.807004451751709, 0.899520218372345, 0.7586864829063416], [0.8027850985527039, 0.7944021224975586, 0.8067834973335266, 0.7166814804077148, 0.7517827153205872, 0.8367855548858643, 0.7118706703186035, 0.8140385150909424, 0.829311728477478, 0.9953172206878662, 0.8061085343360901, 0.8300334215164185, 0.7412580847740173, 0.86663818359375, 0.8192617893218994, 0.7701968550682068, 0.784656286239624, 0.7321747541427612, 0.8261173367500305, 0.7284089922904968], [0.8032827377319336, 0.7810964584350586, 0.8271555304527283, 0.7611572742462158, 0.8801084756851196, 0.8346223831176758, 0.7427753210067749, 0.8047473430633545, 0.830657958984375, 0.8061084747314453, 1.0013797283172607, 0.895881712436676, 0.8130427002906799, 0.8270756006240845, 0.8738759756088257, 0.8802260756492615, 0.7457747459411621, 0.8107060194015503, 0.8715867400169373, 0.7372982501983643], [0.7856684923171997, 0.8016552925109863, 0.8349081873893738, 0.7505202889442444, 0.8371696472167969, 0.8335657715797424, 0.7621535658836365, 0.8144773244857788, 0.8479923605918884, 0.8300334215164185, 0.895881712436676, 1.0033824443817139, 0.839961588382721, 0.8544836640357971, 0.8833552598953247, 0.8497141003608704, 0.7600237131118774, 0.8871917128562927, 0.8810904026031494, 0.7553143501281738], [0.7241037487983704, 0.7125029563903809, 0.7698534727096558, 0.7053346037864685, 0.8143371939659119, 0.7965675592422485, 0.7026243805885315, 0.7570318579673767, 0.7981972694396973, 0.7412580847740173, 0.8130427002906799, 0.839961588382721, 1.0073000192642212, 0.8336756825447083, 0.8074946403503418, 0.9045464992523193, 0.7007442116737366, 0.8019194602966309, 0.846159040927887, 0.7127078771591187], [0.8589498996734619, 0.7805224657058716, 0.8773929476737976, 0.7831493020057678, 0.8070091009140015, 0.8943301439285278, 0.7766528129577637, 0.8854886293411255, 0.9213302135467529, 0.86663818359375, 0.8270756006240845, 0.8544836640357971, 0.8336756825447083, 1.0075310468673706, 0.7876732349395752, 0.874125599861145, 0.7641681432723999, 0.7890728712081909, 0.9141265153884888, 0.7511811256408691], [0.7220947742462158, 0.8271463513374329, 0.7842050790786743, 0.7221126556396484, 0.8142843246459961, 0.8000077605247498, 0.6882980465888977, 0.7663528919219971, 0.7821961641311646, 0.8192617893218994, 0.8738759756088257, 0.8833552598953247, 0.8074946403503418, 0.7876732349395752, 0.9996777772903442, 0.8176977038383484, 0.8079264163970947, 0.7631913423538208, 0.814325213432312, 0.7741423845291138], [0.81391441822052, 0.7624256014823914, 0.8314750790596008, 0.7936881184577942, 0.8937606811523438, 0.8223219513893127, 0.7600401639938354, 0.8309506773948669, 0.8551245927810669, 0.7701968550682068, 0.8802260756492615, 0.8497141003608704, 0.9045464992523193, 0.874125599861145, 0.8176976442337036, 0.9930574893951416, 0.7608225345611572, 0.8095709681510925, 0.9184121489524841, 0.7501213550567627], [0.7770259976387024, 0.8967871069908142, 0.7533047199249268, 0.7868452668190002, 0.7915869355201721, 0.7830437421798706, 0.7230162024497986, 0.8416637182235718, 0.7868790030479431, 0.784656286239624, 0.7457747459411621, 0.7600237131118774, 0.7007442116737366, 0.7641681432723999, 0.8079264163970947, 0.7608225345611572, 0.9954532384872437, 0.6719386577606201, 0.7848264575004578, 0.8123708367347717], [0.7311204075813293, 0.6729367971420288, 0.7654005289077759, 0.6769160628318787, 0.761664867401123, 0.7609543204307556, 0.7228959202766418, 0.751969575881958, 0.807004451751709, 0.732174813747406, 0.8107060194015503, 0.8871917128562927, 0.8019194602966309, 0.7890728712081909, 0.7631913423538208, 0.8095709681510925, 0.6719386577606201, 0.99951171875, 0.8021422624588013, 0.6763604879379272], [0.85956209897995, 0.7994300127029419, 0.8588301539421082, 0.8050988912582397, 0.8743960857391357, 0.8673447370529175, 0.8080950975418091, 0.8748972415924072, 0.899520218372345, 0.826117217540741, 0.8715867400169373, 0.8810904026031494, 0.846159040927887, 0.9141265153884888, 0.814325213432312, 0.9184121489524841, 0.7848264575004578, 0.8021422624588013, 0.9936696290969849, 0.7631458044052124], [0.7948397994041443, 0.8280854225158691, 0.7422713041305542, 0.7944803833961487, 0.7602179050445557, 0.7659823298454285, 0.7185614109039307, 0.7804096937179565, 0.7586864829063416, 0.7284089922904968, 0.7372982501983643, 0.7553143501281738, 0.7127078771591187, 0.7511811256408691, 0.7741423845291138, 0.7501213550567627, 0.8123708367347717, 0.6763604879379272, 0.7631458044052124, 1.0017961263656616]]}
{"idx": 2, "question": "Tell me the plot line in 5 sentences for a romcom movie set in rural Kansas for Easter.", "score": [[1.0062618255615234, 0.8214031457901001, 0.8491834998130798, 0.8797451257705688, 0.8909241557121277, 0.9127934575080872, 0.8949028253555298, 0.8508999943733215, 0.8770679235458374, 0.8925897479057312, 0.8820391893386841, 0.8621700406074524, 0.8977956771850586, 0.9120814800262451, 0.873817503452301, 0.8783957958221436, 0.8712038993835449, 0.900661826133728, 0.8670769929885864, 0.8779724836349487], [0.8214031457901001, 1.0049419403076172, 0.7719094157218933, 0.7643375396728516, 0.810631513595581, 0.7919253706932068, 0.8661291003227234, 0.7763643860816956, 0.7860041260719299, 0.8624786734580994, 0.8148902058601379, 0.7464019060134888, 0.8348744511604309, 0.7984606027603149, 0.8007636070251465, 0.848362386226654, 0.8331685066223145, 0.790884256362915, 0.826413094997406, 0.8164216876029968], [0.8491834998130798, 0.7719094157218933, 1.0080256462097168, 0.8815807104110718, 0.8594468832015991, 0.8403131365776062, 0.8420501947402954, 0.8855144381523132, 0.8809463381767273, 0.8242742419242859, 0.8956829309463501, 0.8101286888122559, 0.8398895263671875, 0.8390598893165588, 0.8703790307044983, 0.8661832213401794, 0.8685594797134399, 0.8573628664016724, 0.8362500667572021, 0.8818944096565247], [0.8797451257705688, 0.7643375396728516, 0.8815807104110718, 1.0035125017166138, 0.849631130695343, 0.8639573454856873, 0.8814565539360046, 0.8514165282249451, 0.9076371788978577, 0.8256435394287109, 0.8648259043693542, 0.8366316556930542, 0.8438998460769653, 0.8691965341567993, 0.8756577968597412, 0.8589686155319214, 0.8635579943656921, 0.8451379537582397, 0.8384997248649597, 0.8835488557815552], [0.8909241557121277, 0.8106313943862915, 0.8594469428062439, 0.849631130695343, 1.0003676414489746, 0.8708051443099976, 0.8639277815818787, 0.8174288272857666, 0.874116837978363, 0.8486975431442261, 0.8983251452445984, 0.830815851688385, 0.8594304323196411, 0.8806903958320618, 0.8642880320549011, 0.8579434752464294, 0.875179648399353, 0.8833789825439453, 0.8552712202072144, 0.8933101892471313], [0.9127934575080872, 0.7919253706932068, 0.8403131365776062, 0.863957405090332, 0.8708051443099976, 1.0041694641113281, 0.8769780397415161, 0.843472957611084, 0.8408089876174927, 0.8433589935302734, 0.8383493423461914, 0.891332745552063, 0.8810261487960815, 0.8862500190734863, 0.8803098201751709, 0.8640434741973877, 0.8575065732002258, 0.889255166053772, 0.8578483462333679, 0.8710938096046448], [0.8949028253555298, 0.8661291003227234, 0.8420501947402954, 0.8814564943313599, 0.8639277815818787, 0.8769780397415161, 1.0062224864959717, 0.8563440442085266, 0.8663333058357239, 0.8578412532806396, 0.8585293292999268, 0.8108644485473633, 0.8802934885025024, 0.8473027348518372, 0.8771831393241882, 0.8569437265396118, 0.8928926587104797, 0.8497761487960815, 0.8428522944450378, 0.891498327255249], [0.8508999943733215, 0.7763643860816956, 0.8855144381523132, 0.8514164686203003, 0.8174288272857666, 0.843472957611084, 0.8563440442085266, 1.0029064416885376, 0.8366841673851013, 0.8258436918258667, 0.8353688716888428, 0.8030940294265747, 0.8412988185882568, 0.8243299126625061, 0.8554947376251221, 0.827874481678009, 0.8536597490310669, 0.8118287324905396, 0.8382258415222168, 0.8532770276069641], [0.8770679235458374, 0.7860041260719299, 0.8809462785720825, 0.9076371788978577, 0.874116837978363, 0.8408089876174927, 0.8663333058357239, 0.8366841673851013, 1.0071985721588135, 0.8548566699028015, 0.919583261013031, 0.835320770740509, 0.8716282844543457, 0.8844577074050903, 0.8758407831192017, 0.8714597821235657, 0.8699377179145813, 0.8753915429115295, 0.8206807374954224, 0.9133166074752808], [0.8925897479057312, 0.8624786734580994, 0.8242742419242859, 0.8256435394287109, 0.8486975431442261, 0.8433589935302734, 0.8578412532806396, 0.8258435726165771, 0.8548566699028015, 0.9972914457321167, 0.8774683475494385, 0.8141481876373291, 0.916967511177063, 0.8663731813430786, 0.8335580229759216, 0.8962979316711426, 0.8532887101173401, 0.8625780344009399, 0.8409080505371094, 0.8377496600151062], [0.8820391893386841, 0.8148902058601379, 0.8956829309463501, 0.8648257851600647, 0.8983251452445984, 0.8383493423461914, 0.8585293292999268, 0.8353689312934875, 0.9195833206176758, 0.8774683475494385, 0.9941930770874023, 0.8360809683799744, 0.8688202500343323, 0.8630609512329102, 0.8638753294944763, 0.8781130909919739, 0.889432966709137, 0.8878942728042603, 0.8344681859016418, 0.9090074300765991], [0.8621700406074524, 0.7464019060134888, 0.8101286888122559, 0.8366316556930542, 0.8308157920837402, 0.891332745552063, 0.8108644485473633, 0.8030940294265747, 0.8353208303451538, 0.8141481876373291, 0.8360809683799744, 0.9944454431533813, 0.851914644241333, 0.8299682140350342, 0.8536854982376099, 0.8461346626281738, 0.806148886680603, 0.8968191146850586, 0.8161538243293762, 0.8451621532440186], [0.8977956771850586, 0.8348744511604309, 0.8398895263671875, 0.8438998460769653, 0.8594304323196411, 0.8810261487960815, 0.8802934885025024, 0.8412988185882568, 0.8716282844543457, 0.916967511177063, 0.8688202500343323, 0.851914644241333, 0.9945852756500244, 0.8872200846672058, 0.8710675835609436, 0.8731662034988403, 0.869414210319519, 0.8805285096168518, 0.8383489847183228, 0.8604761362075806], [0.9120814800262451, 0.7984606027603149, 0.8390598893165588, 0.8691965341567993, 0.8806903958320618, 0.8862500190734863, 0.8473026752471924, 0.8243299126625061, 0.8844577074050903, 0.8663732409477234, 0.8630609512329102, 0.8299682140350342, 0.8872200846672058, 0.9994539022445679, 0.8701921701431274, 0.8728716969490051, 0.8253099918365479, 0.864527702331543, 0.8388187289237976, 0.8555471897125244], [0.873817503452301, 0.8007636070251465, 0.8703790307044983, 0.8756577968597412, 0.8642880320549011, 0.8803098201751709, 0.8771831393241882, 0.8554947376251221, 0.8758407831192017, 0.8335580229759216, 0.8638753294944763, 0.8536854982376099, 0.8710675835609436, 0.8701921701431274, 1.005386471748352, 0.8735983371734619, 0.8621131181716919, 0.854089617729187, 0.8645142912864685, 0.8810336589813232], [0.8783957958221436, 0.848362386226654, 0.8661832213401794, 0.8589686155319214, 0.8579434752464294, 0.8640434741973877, 0.8569437265396118, 0.827874481678009, 0.8714598417282104, 0.8962979316711426, 0.8781130909919739, 0.8461346626281738, 0.8731662631034851, 0.8728716969490051, 0.8735983371734619, 0.9933031797409058, 0.8663007020950317, 0.899052083492279, 0.8589790463447571, 0.8617048263549805], [0.8712038993835449, 0.8331685066223145, 0.8685594797134399, 0.8635579943656921, 0.875179648399353, 0.8575065732002258, 0.8928926587104797, 0.8536597490310669, 0.8699377179145813, 0.8532888293266296, 0.889432966709137, 0.806148886680603, 0.869414210319519, 0.8253099918365479, 0.8621131181716919, 0.8663007020950317, 1.0025177001953125, 0.8394155502319336, 0.8608938455581665, 0.8855175375938416], [0.900661826133728, 0.790884256362915, 0.8573628664016724, 0.8451379537582397, 0.8833789825439453, 0.889255166053772, 0.8497761487960815, 0.8118287324905396, 0.8753915429115295, 0.8625780344009399, 0.8878942728042603, 0.8968191146850586, 0.8805285096168518, 0.864527702331543, 0.854089617729187, 0.899052083492279, 0.8394155502319336, 0.9949442148208618, 0.8244166970252991, 0.8679900169372559], [0.8670769929885864, 0.826413094997406, 0.8362500667572021, 0.8384997248649597, 0.8552712202072144, 0.8578483462333679, 0.8428522944450378, 0.8382258415222168, 0.8206807374954224, 0.8409080505371094, 0.8344681859016418, 0.8161538243293762, 0.8383489847183228, 0.8388187289237976, 0.864514172077179, 0.8589790463447571, 0.8608938455581665, 0.8244166970252991, 0.9988669157028198, 0.8525084257125854], [0.8779724836349487, 0.8164216876029968, 0.8818944096565247, 0.8835488557815552, 0.8933101892471313, 0.8710938096046448, 0.891498327255249, 0.8532770276069641, 0.9133166074752808, 0.8377496600151062, 0.9090074300765991, 0.8451621532440186, 0.8604761362075806, 0.8555471897125244, 0.8810336589813232, 0.8617048263549805, 0.8855175375938416, 0.8679900169372559, 0.8525084257125854, 0.9979039430618286]]}
{"idx": 3, "question": "Write a haiku about a whale and a walnut tree.", "score": [[0.9973894357681274, 0.9364692568778992, 0.8995075225830078, 0.8795698881149292, 0.9286196231842041, 0.9100531339645386, 0.8910437226295471, 0.8229174613952637, 0.924818217754364, 0.944067120552063, 0.7975187301635742, 0.9395195841789246, 0.8774333000183105, 0.8363534212112427, 0.8702651858329773, 0.7044240236282349, 0.8498251438140869, 0.8356891870498657, 0.8226852416992188, 0.9454424977302551], [0.9364692568778992, 1.0060991048812866, 0.9058359265327454, 0.8900821805000305, 0.9485723972320557, 0.9248078465461731, 0.9165768623352051, 0.810395359992981, 0.9204532504081726, 0.9442718625068665, 0.8154234886169434, 0.9308987855911255, 0.9017853140830994, 0.8853517770767212, 0.8631559610366821, 0.7380210757255554, 0.8748452663421631, 0.8315176963806152, 0.8298985958099365, 0.9478419423103333], [0.8995075225830078, 0.9058359265327454, 1.0018242597579956, 0.8759434819221497, 0.9031410813331604, 0.887543797492981, 0.916231095790863, 0.8360744118690491, 0.8713521957397461, 0.9174151420593262, 0.8117276430130005, 0.9167433381080627, 0.8729081153869629, 0.8757091164588928, 0.8525429964065552, 0.7611882090568542, 0.8874895572662354, 0.8310597538948059, 0.8263822793960571, 0.9361417293548584], [0.8795698881149292, 0.8900821805000305, 0.8759434819221497, 1.0053446292877197, 0.8698050379753113, 0.8611211180686951, 0.8867193460464478, 0.8086913228034973, 0.9055464267730713, 0.9027453660964966, 0.8359644412994385, 0.8849356770515442, 0.881129264831543, 0.8378717303276062, 0.9223901033401489, 0.7857987284660339, 0.8782599568367004, 0.8731628656387329, 0.8532454371452332, 0.9243789911270142], [0.9286195039749146, 0.9485723972320557, 0.9031410813331604, 0.8698050379753113, 0.9930177927017212, 0.9484367370605469, 0.9282803535461426, 0.7895606756210327, 0.9174535274505615, 0.9305940866470337, 0.7918465733528137, 0.922356128692627, 0.884049654006958, 0.8586135506629944, 0.8612561225891113, 0.7230096459388733, 0.8659815788269043, 0.8229532241821289, 0.8100902438163757, 0.9510384798049927], [0.9100531339645386, 0.9248078465461731, 0.887543797492981, 0.8611211180686951, 0.9484367370605469, 1.0030081272125244, 0.8983263969421387, 0.798253059387207, 0.9013316035270691, 0.9240960478782654, 0.7928227782249451, 0.9348333477973938, 0.9132723212242126, 0.8587193489074707, 0.8757097721099854, 0.7266238927841187, 0.8619670867919922, 0.843010663986206, 0.8352798819541931, 0.935753345489502], [0.8910437226295471, 0.9165768623352051, 0.916231095790863, 0.8867193460464478, 0.9282803535461426, 0.8983263969421387, 1.0082145929336548, 0.8209004998207092, 0.8753828406333923, 0.9076550006866455, 0.8292087912559509, 0.9233694076538086, 0.9016776084899902, 0.8770047426223755, 0.8627057075500488, 0.759322464466095, 0.8879116773605347, 0.8216588497161865, 0.8056684732437134, 0.9281102418899536], [0.8229174613952637, 0.810395359992981, 0.8360744118690491, 0.8086913228034973, 0.7895606160163879, 0.798253059387207, 0.820900559425354, 0.9987386465072632, 0.781715989112854, 0.820339024066925, 0.8180203437805176, 0.8443245887756348, 0.8041185140609741, 0.8023375272750854, 0.7619065046310425, 0.75562584400177, 0.7788861989974976, 0.7869783043861389, 0.7783677577972412, 0.8251016139984131], [0.924818217754364, 0.9204532504081726, 0.8713521957397461, 0.9055464267730713, 0.9174535274505615, 0.9013316035270691, 0.8753828406333923, 0.781715989112854, 0.9932166337966919, 0.9298055768013, 0.7982849478721619, 0.9036648869514465, 0.8788546919822693, 0.8305322527885437, 0.8768888115882874, 0.7349668145179749, 0.8538301587104797, 0.8475466966629028, 0.836100697517395, 0.9297423958778381], [0.944067120552063, 0.9442718625068665, 0.9174151420593262, 0.9027453660964966, 0.9305940866470337, 0.9240959882736206, 0.9076550006866455, 0.820339024066925, 0.9298055768013, 1.000484824180603, 0.8207076191902161, 0.933311939239502, 0.8963348865509033, 0.8347969651222229, 0.8889942765235901, 0.710090696811676, 0.8646146655082703, 0.8523455262184143, 0.8321889638900757, 0.9568229913711548], [0.7975187301635742, 0.8154234886169434, 0.8117276430130005, 0.8359644412994385, 0.7918465733528137, 0.7928227782249451, 0.8292087912559509, 0.8180203437805176, 0.7982849478721619, 0.8207076191902161, 1.0014406442642212, 0.8427248001098633, 0.8036353588104248, 0.7832866907119751, 0.8402894139289856, 0.7964195013046265, 0.7786791324615479, 0.8226476311683655, 0.796793520450592, 0.8519148826599121], [0.9395195841789246, 0.9308987855911255, 0.9167433381080627, 0.8849356770515442, 0.922356128692627, 0.9348333477973938, 0.9233694076538086, 0.8443245887756348, 0.9036648869514465, 0.933311939239502, 0.8427248001098633, 1.0027220249176025, 0.9231786727905273, 0.8872092962265015, 0.8794135451316833, 0.7574235200881958, 0.8771839141845703, 0.8524680137634277, 0.8391023278236389, 0.9411213397979736], [0.8774333000183105, 0.9017851948738098, 0.8729081153869629, 0.881129264831543, 0.884049654006958, 0.9132723212242126, 0.9016776084899902, 0.8041185140609741, 0.8788546919822693, 0.8963348865509033, 0.8036353588104248, 0.9231786727905273, 0.9957824349403381, 0.9104569554328918, 0.8607227206230164, 0.7557511925697327, 0.8792873024940491, 0.8113989233970642, 0.8255987763404846, 0.8949282169342041], [0.8363534212112427, 0.8853517770767212, 0.8757091164588928, 0.8378717303276062, 0.8586135506629944, 0.8587194085121155, 0.8770047426223755, 0.8023375272750854, 0.8305322527885437, 0.8347969651222229, 0.7832866907119751, 0.8872092962265015, 0.9104569554328918, 0.9935082197189331, 0.7961368560791016, 0.7889320850372314, 0.887046217918396, 0.7657117247581482, 0.799040675163269, 0.8655178546905518], [0.8702651262283325, 0.8631558418273926, 0.8525429964065552, 0.9223901033401489, 0.8612561225891113, 0.8757097721099854, 0.8627057075500488, 0.7619065046310425, 0.8768888711929321, 0.8889942765235901, 0.8402894139289856, 0.8794136047363281, 0.8607227206230164, 0.7961367964744568, 1.0070436000823975, 0.7991616725921631, 0.865670919418335, 0.9386773109436035, 0.8901365399360657, 0.922457754611969], [0.7044240236282349, 0.7380210757255554, 0.7611882090568542, 0.7857987284660339, 0.7230096459388733, 0.7266238927841187, 0.759322464466095, 0.75562584400177, 0.7349666953086853, 0.710090696811676, 0.7964195013046265, 0.7574235200881958, 0.7557511925697327, 0.788932204246521, 0.7991616725921631, 1.0069928169250488, 0.7947726845741272, 0.8320711851119995, 0.8360564708709717, 0.7662692070007324], [0.8498251438140869, 0.8748452663421631, 0.8874896168708801, 0.8782599568367004, 0.8659816384315491, 0.8619670867919922, 0.8879116773605347, 0.7788861989974976, 0.8538301587104797, 0.8646146655082703, 0.7786791324615479, 0.8771839141845703, 0.8792873024940491, 0.8870463371276855, 0.865670919418335, 0.7947726845741272, 0.9962753057479858, 0.8283177018165588, 0.8466249704360962, 0.8799175024032593], [0.8356891870498657, 0.8315176963806152, 0.8310597538948059, 0.8731628656387329, 0.8229532241821289, 0.843010663986206, 0.8216588497161865, 0.7869783043861389, 0.8475466966629028, 0.8523455858230591, 0.8226476311683655, 0.8524680137634277, 0.8113989233970642, 0.7657116055488586, 0.9386773109436035, 0.8320711851119995, 0.8283177018165588, 1.000083565711975, 0.9638690948486328, 0.8863488435745239], [0.8226852416992188, 0.8298985958099365, 0.8263822793960571, 0.8532454371452332, 0.8100902438163757, 0.8352799415588379, 0.8056684732437134, 0.7783677577972412, 0.836100697517395, 0.8321889638900757, 0.796793520450592, 0.8391022682189941, 0.8255987763404846, 0.799040675163269, 0.8901365399360657, 0.8360563516616821, 0.8466249704360962, 0.9638689756393433, 0.9927768707275391, 0.868295431137085], [0.9454424977302551, 0.947842001914978, 0.9361417293548584, 0.9243789911270142, 0.9510384798049927, 0.935753345489502, 0.9281102418899536, 0.8251016139984131, 0.9297423958778381, 0.9568229913711548, 0.8519148826599121, 0.9411213397979736, 0.8949282169342041, 0.8655178546905518, 0.922457754611969, 0.7662692070007324, 0.8799175024032593, 0.8863488435745239, 0.868295431137085, 1.00401771068573]]}
