{"idx": 0, "question": "Tell me a story in five sentences about a girl and her dog.", "score": [[0.9990718364715576, 0.7529110908508301, 0.7454964518547058, 0.9118486046791077, 0.8150476217269897, 0.7519688606262207, 0.8236868977546692, 0.8316757678985596, 0.849744975566864, 0.8539902567863464, 0.7788568139076233, 0.7212241888046265, 0.823081910610199, 0.8305622935295105, 0.7847591638565063, 0.6959229707717896, 0.8235387802124023, 0.7066998481750488, 0.7758225798606873, 0.773352324962616], [0.7529110908508301, 0.9944092035293579, 0.7957112193107605, 0.7710215449333191, 0.8566535711288452, 0.7417106628417969, 0.821047306060791, 0.790299654006958, 0.7787749767303467, 0.7808380126953125, 0.7429782152175903, 0.7680563926696777, 0.8273746967315674, 0.7767791152000427, 0.7855626344680786, 0.7752299904823303, 0.8345258831977844, 0.8096939325332642, 0.8028292655944824, 0.841520369052887], [0.7454964518547058, 0.7957111597061157, 0.9949543476104736, 0.8119436502456665, 0.8136392831802368, 0.8381842970848083, 0.8357759714126587, 0.7574925422668457, 0.8112198710441589, 0.7699537873268127, 0.8160082101821899, 0.7403568029403687, 0.7834803462028503, 0.7618880271911621, 0.7772473692893982, 0.7610740661621094, 0.8124916553497314, 0.8860556483268738, 0.7788094878196716, 0.8030164241790771], [0.9118486046791077, 0.7710215449333191, 0.8119436502456665, 1.0032355785369873, 0.8105695843696594, 0.7875442504882812, 0.8465808033943176, 0.7949311137199402, 0.8653131127357483, 0.8263360261917114, 0.7724945545196533, 0.7102919816970825, 0.7929624319076538, 0.7611525058746338, 0.7834935188293457, 0.7379374504089355, 0.8079575300216675, 0.7485088109970093, 0.7478106021881104, 0.7679856419563293], [0.8150476217269897, 0.8566535711288452, 0.8136392831802368, 0.8105695843696594, 1.0065031051635742, 0.855072021484375, 0.8853747844696045, 0.8738605976104736, 0.8535426259040833, 0.8251661658287048, 0.8485912084579468, 0.8112051486968994, 0.8949244618415833, 0.809041440486908, 0.8347651958465576, 0.8222928047180176, 0.8776991963386536, 0.8141852021217346, 0.8401303887367249, 0.8699631094932556], [0.7519688606262207, 0.7417106628417969, 0.8381842970848083, 0.7875443696975708, 0.8550720810890198, 1.0043832063674927, 0.8221197724342346, 0.7684125900268555, 0.8454570770263672, 0.7813456654548645, 0.8141300678253174, 0.6885775327682495, 0.7873319983482361, 0.7165316343307495, 0.7935453653335571, 0.8186899423599243, 0.7646452188491821, 0.8344316482543945, 0.7402205467224121, 0.7277229428291321], [0.8236868977546692, 0.821047306060791, 0.8357759714126587, 0.8465808629989624, 0.8853747844696045, 0.8221197724342346, 1.0058355331420898, 0.8445463180541992, 0.8344414234161377, 0.8112750053405762, 0.8133307695388794, 0.8048112988471985, 0.8787534236907959, 0.7802819013595581, 0.8099437952041626, 0.7610920071601868, 0.8602244257926941, 0.7925158739089966, 0.8271273374557495, 0.8359366059303284], [0.8316757678985596, 0.790299654006958, 0.7574925422668457, 0.7949311137199402, 0.8738605976104736, 0.7684125900268555, 0.8445461988449097, 0.9982261061668396, 0.8260051608085632, 0.8332608938217163, 0.7712414264678955, 0.7988330721855164, 0.8521074652671814, 0.7816941142082214, 0.8460829257965088, 0.7637008428573608, 0.8532943725585938, 0.7647572755813599, 0.7876167297363281, 0.8379108905792236], [0.849744975566864, 0.7787749767303467, 0.8112198710441589, 0.8653131127357483, 0.853542685508728, 0.8454570770263672, 0.8344414234161377, 0.8260052800178528, 1.0028572082519531, 0.8871370553970337, 0.7949637770652771, 0.6803628206253052, 0.7973973751068115, 0.7988699078559875, 0.8351144790649414, 0.8198093771934509, 0.8134679198265076, 0.7718691825866699, 0.7971494197845459, 0.777773380279541], [0.8539902567863464, 0.7808380126953125, 0.7699537873268127, 0.8263360261917114, 0.8251661658287048, 0.7813456654548645, 0.8112750053405762, 0.8332608938217163, 0.8871370553970337, 1.0039228200912476, 0.7769373059272766, 0.6976246237754822, 0.7963792681694031, 0.8195025324821472, 0.7991925477981567, 0.7183139324188232, 0.8240626454353333, 0.7195373773574829, 0.7877869606018066, 0.7818257808685303], [0.7788568139076233, 0.7429782152175903, 0.8160082101821899, 0.7724945545196533, 0.8485912084579468, 0.8141300678253174, 0.8133307695388794, 0.7712414264678955, 0.7949637770652771, 0.7769373059272766, 1.0063296556472778, 0.7730610966682434, 0.8650422096252441, 0.746893584728241, 0.7247287034988403, 0.7392498850822449, 0.8122770190238953, 0.8019610047340393, 0.7485842704772949, 0.8058012127876282], [0.7212241888046265, 0.7680563926696777, 0.7403568029403687, 0.7102919816970825, 0.8112051486968994, 0.6885775327682495, 0.8048112988471985, 0.7988330721855164, 0.6803628206253052, 0.6976246237754822, 0.7730610966682434, 1.003392219543457, 0.8292675614356995, 0.7122076749801636, 0.7084326148033142, 0.6994965076446533, 0.8096907734870911, 0.7462579607963562, 0.7246187925338745, 0.7749929428100586], [0.823081910610199, 0.8273746967315674, 0.7834803462028503, 0.7929624319076538, 0.8949244618415833, 0.7873319983482361, 0.8787535429000854, 0.8521074652671814, 0.7973973751068115, 0.7963792681694031, 0.8650422096252441, 0.8292675614356995, 1.0044200420379639, 0.7653586268424988, 0.7649868726730347, 0.771511435508728, 0.8448260426521301, 0.7868530750274658, 0.7770528793334961, 0.87312251329422], [0.8305623531341553, 0.7767791152000427, 0.7618880271911621, 0.7611525058746338, 0.809041440486908, 0.7165316343307495, 0.7802819013595581, 0.7816941142082214, 0.7988699078559875, 0.8195025324821472, 0.746893584728241, 0.7122076749801636, 0.7653586268424988, 1.0044801235198975, 0.7717564105987549, 0.7162308096885681, 0.8214954137802124, 0.7408868670463562, 0.7733585834503174, 0.7793144583702087], [0.7847591638565063, 0.7855626344680786, 0.7772473692893982, 0.7834935188293457, 0.8347651958465576, 0.7935453653335571, 0.8099437952041626, 0.8460829854011536, 0.8351144790649414, 0.7991925477981567, 0.7247287034988403, 0.7084326148033142, 0.7649868130683899, 0.7717562913894653, 0.9936848282814026, 0.7972946166992188, 0.7735365629196167, 0.7855527997016907, 0.7983106374740601, 0.7653525471687317], [0.6959229707717896, 0.7752299904823303, 0.7610740661621094, 0.7379374504089355, 0.822292685508728, 0.8186899423599243, 0.7610920071601868, 0.7637008428573608, 0.8198093771934509, 0.7183138132095337, 0.7392498850822449, 0.6994965076446533, 0.771511435508728, 0.7162308096885681, 0.7972946166992188, 0.9963936805725098, 0.7139912247657776, 0.8076893091201782, 0.7351663708686829, 0.7499274015426636], [0.8235387802124023, 0.8345258831977844, 0.8124916553497314, 0.8079575300216675, 0.8776991963386536, 0.7646452188491821, 0.8602244257926941, 0.8532943725585938, 0.8134679198265076, 0.824062705039978, 0.8122770190238953, 0.8096907734870911, 0.8448260426521301, 0.821495532989502, 0.7735365629196167, 0.7139912247657776, 1.0063228607177734, 0.7674400806427002, 0.8342580199241638, 0.8184805512428284], [0.7066998481750488, 0.8096939325332642, 0.8860556483268738, 0.7485088109970093, 0.8141852021217346, 0.8344316482543945, 0.7925158739089966, 0.7647572755813599, 0.7718691825866699, 0.7195373773574829, 0.8019610047340393, 0.7462579607963562, 0.7868530750274658, 0.7408868670463562, 0.7855527997016907, 0.8076893091201782, 0.7674400806427002, 1.0029895305633545, 0.7326427102088928, 0.8200942277908325], [0.7758226990699768, 0.8028292655944824, 0.7788094878196716, 0.7478106021881104, 0.8401303887367249, 0.7402205467224121, 0.8271273374557495, 0.7876167297363281, 0.7971494197845459, 0.7877869606018066, 0.7485842704772949, 0.7246187925338745, 0.7770528793334961, 0.7733585834503174, 0.7983106374740601, 0.7351663708686829, 0.8342580199241638, 0.7326427102088928, 1.0048340559005737, 0.7902305126190186], [0.773352324962616, 0.8415204882621765, 0.8030164241790771, 0.7679856419563293, 0.8699631094932556, 0.7277229428291321, 0.8359366059303284, 0.8379108905792236, 0.777773380279541, 0.7818257808685303, 0.8058010935783386, 0.7749929428100586, 0.87312251329422, 0.7793144583702087, 0.7653525471687317, 0.7499274015426636, 0.8184806108474731, 0.8200942277908325, 0.7902305126190186, 0.99371337890625]]}
{"idx": 1, "question": "Tell me a story in five sentences about a boy and his dog.", "score": [[1.0018322467803955, 0.7889183163642883, 0.6948467493057251, 0.6989165544509888, 0.6712806224822998, 0.7708010673522949, 0.728343665599823, 0.7413111329078674, 0.6769315600395203, 0.7226892113685608, 0.8424750566482544, 0.730387806892395, 0.7384392023086548, 0.6866880655288696, 0.7729259729385376, 0.7054911255836487, 0.836463451385498, 0.6692346334457397, 0.805416464805603, 0.7726949453353882], [0.7889183163642883, 0.9994218349456787, 0.88645339012146, 0.8530493974685669, 0.7957295775413513, 0.8383240103721619, 0.8583337664604187, 0.9280539751052856, 0.8756994009017944, 0.8789474368095398, 0.8809259533882141, 0.8821423053741455, 0.8375312089920044, 0.868643581867218, 0.9135035872459412, 0.8148643970489502, 0.8338669538497925, 0.8659084439277649, 0.8976572751998901, 0.9230998754501343], [0.6948467493057251, 0.88645339012146, 1.0034587383270264, 0.8570309281349182, 0.8144914507865906, 0.7562839984893799, 0.9238881468772888, 0.8958725929260254, 0.883717954158783, 0.8877996802330017, 0.8483598232269287, 0.898549497127533, 0.801375687122345, 0.8710500597953796, 0.911599338054657, 0.9001770615577698, 0.818157434463501, 0.9316167831420898, 0.8166226148605347, 0.8890246152877808], [0.6989165544509888, 0.8530493974685669, 0.8570309281349182, 0.9954282641410828, 0.6920105218887329, 0.7491703629493713, 0.8845179677009583, 0.8680271506309509, 0.8236984014511108, 0.8845489025115967, 0.7950606346130371, 0.8396481275558472, 0.7838993072509766, 0.8051295280456543, 0.9174453020095825, 0.8034968376159668, 0.7375667691230774, 0.8994158506393433, 0.790877103805542, 0.8659808039665222], [0.6712806224822998, 0.7957295775413513, 0.8144914507865906, 0.6920105218887329, 1.0075323581695557, 0.7407108545303345, 0.7291226387023926, 0.7751110792160034, 0.8082183003425598, 0.6975727081298828, 0.7527467608451843, 0.7678624987602234, 0.8004947900772095, 0.8463733196258545, 0.7207863330841064, 0.7504919171333313, 0.8093532919883728, 0.7329307794570923, 0.7716020345687866, 0.7961215376853943], [0.7708010673522949, 0.8383240103721619, 0.7562839984893799, 0.7491703629493713, 0.7407108545303345, 1.0001418590545654, 0.7376795411109924, 0.8175395727157593, 0.7553828954696655, 0.7627807259559631, 0.8290061950683594, 0.7765411734580994, 0.7700243592262268, 0.7474392652511597, 0.8143538236618042, 0.7019672393798828, 0.8066514730453491, 0.7361615300178528, 0.8382164239883423, 0.8500028252601624], [0.728343665599823, 0.8583337664604187, 0.9238881468772888, 0.8845179677009583, 0.7291225790977478, 0.7376795411109924, 1.0064038038253784, 0.8612103462219238, 0.8123085498809814, 0.9227006435394287, 0.8077232241630554, 0.9049375653266907, 0.7892432808876038, 0.8105136156082153, 0.9124197959899902, 0.8602001070976257, 0.7965085506439209, 0.9223166704177856, 0.815581202507019, 0.8590343594551086], [0.7413111329078674, 0.9280539751052856, 0.8958725929260254, 0.8680271506309509, 0.7751111388206482, 0.8175395727157593, 0.8612103462219238, 0.9964079856872559, 0.8923965096473694, 0.8886156678199768, 0.8740333318710327, 0.8960153460502625, 0.868887722492218, 0.8878129720687866, 0.9269201159477234, 0.8346171379089355, 0.8111100196838379, 0.8787156939506531, 0.861443042755127, 0.9397722482681274], [0.6769315600395203, 0.8756994009017944, 0.883717954158783, 0.8236984014511108, 0.8082183003425598, 0.7553828954696655, 0.8123085498809814, 0.8923965096473694, 0.9996686577796936, 0.7970501184463501, 0.8223956823348999, 0.8113180994987488, 0.8167169690132141, 0.8862247467041016, 0.8566508293151855, 0.8069722056388855, 0.7380123138427734, 0.8210875988006592, 0.7603988647460938, 0.8589648008346558], [0.7226890921592712, 0.8789474368095398, 0.8877997398376465, 0.8845489025115967, 0.6975727081298828, 0.7627807259559631, 0.9227006435394287, 0.8886156678199768, 0.7970501184463501, 1.0058574676513672, 0.8110433220863342, 0.8933941125869751, 0.8056453466415405, 0.7894943356513977, 0.9223430752754211, 0.8507551550865173, 0.799075186252594, 0.9283604025840759, 0.8612059354782104, 0.9024766683578491], [0.8424750566482544, 0.8809259533882141, 0.8483598232269287, 0.7950606346130371, 0.7527467608451843, 0.8290061950683594, 0.8077232241630554, 0.8740333318710327, 0.8223956823348999, 0.8110433220863342, 1.0024664402008057, 0.8128989338874817, 0.7986416816711426, 0.8085562586784363, 0.883447527885437, 0.8367277979850769, 0.8355558514595032, 0.8001518249511719, 0.8296698927879333, 0.8782429695129395], [0.730387806892395, 0.8821423053741455, 0.898549497127533, 0.8396481275558472, 0.7678624987602234, 0.7765411734580994, 0.9049375653266907, 0.8960153460502625, 0.8113180994987488, 0.8933942317962646, 0.8128989338874817, 0.9969813823699951, 0.8173108696937561, 0.8054304122924805, 0.8875038623809814, 0.8659583330154419, 0.8482175469398499, 0.9086354374885559, 0.8822342157363892, 0.8842529058456421], [0.7384392023086548, 0.8375312089920044, 0.801375687122345, 0.7838993072509766, 0.8004947304725647, 0.7700243592262268, 0.7892432808876038, 0.868887722492218, 0.8167169690132141, 0.805645227432251, 0.7986416816711426, 0.8173108696937561, 1.0036183595657349, 0.8518262505531311, 0.8259022831916809, 0.760412871837616, 0.8392037153244019, 0.7511184215545654, 0.817940354347229, 0.8889057636260986], [0.6866880655288696, 0.868643581867218, 0.8710500597953796, 0.8051295280456543, 0.8463733196258545, 0.7474392652511597, 0.8105136156082153, 0.8878129720687866, 0.8862247467041016, 0.7894943356513977, 0.8085562586784363, 0.8054304122924805, 0.8518262505531311, 0.994391679763794, 0.8392220139503479, 0.804400622844696, 0.7598257660865784, 0.8183025121688843, 0.7754923105239868, 0.8549193143844604], [0.7729259729385376, 0.9135035872459412, 0.911599338054657, 0.9174453020095825, 0.7207863330841064, 0.8143538236618042, 0.9124196767807007, 0.9269199967384338, 0.8566508889198303, 0.9223430752754211, 0.8834474682807922, 0.8875038623809814, 0.8259022831916809, 0.8392220139503479, 1.0045781135559082, 0.8476184010505676, 0.8202608227729797, 0.9183677434921265, 0.8632726669311523, 0.927412211894989], [0.7054911255836487, 0.8148643970489502, 0.9001770615577698, 0.8034968376159668, 0.7504919171333313, 0.7019672393798828, 0.8602001070976257, 0.8346171379089355, 0.806972324848175, 0.8507551550865173, 0.8367277979850769, 0.8659583330154419, 0.760412871837616, 0.804400622844696, 0.8476184010505676, 0.9970797896385193, 0.7837618589401245, 0.8729847073554993, 0.7805074453353882, 0.8338609337806702], [0.836463451385498, 0.8338669538497925, 0.818157434463501, 0.7375667691230774, 0.8093532919883728, 0.8066514730453491, 0.7965085506439209, 0.8111099600791931, 0.7380123138427734, 0.799075186252594, 0.8355558514595032, 0.8482175469398499, 0.8392037153244019, 0.7598257660865784, 0.8202608227729797, 0.7837618589401245, 1.0078696012496948, 0.7739973068237305, 0.8984048366546631, 0.8508198857307434], [0.6692346334457397, 0.8659084439277649, 0.9316167831420898, 0.8994158506393433, 0.7329307794570923, 0.7361615300178528, 0.9223166704177856, 0.8787156939506531, 0.8210875988006592, 0.9283604025840759, 0.8001518249511719, 0.9086354374885559, 0.7511184215545654, 0.8183025121688843, 0.9183677434921265, 0.8729847073554993, 0.7739973068237305, 0.9942824244499207, 0.8294181227684021, 0.8762131333351135], [0.805416464805603, 0.8976572751998901, 0.8166226148605347, 0.790877103805542, 0.7716020345687866, 0.8382164239883423, 0.815581202507019, 0.861443042755127, 0.7603988647460938, 0.8612059354782104, 0.8296699523925781, 0.8822342157363892, 0.817940354347229, 0.7754923105239868, 0.8632726669311523, 0.7805074453353882, 0.8984048366546631, 0.8294181227684021, 1.0012906789779663, 0.8969284892082214], [0.7726949453353882, 0.9230998754501343, 0.8890246152877808, 0.865980863571167, 0.7961215376853943, 0.8500028252601624, 0.8590343594551086, 0.9397722482681274, 0.8589648008346558, 0.9024766683578491, 0.8782429695129395, 0.8842529058456421, 0.8889057636260986, 0.8549193143844604, 0.927412211894989, 0.8338609337806702, 0.8508198857307434, 0.8762131333351135, 0.8969284892082214, 1.000494360923767]]}
{"idx": 2, "question": "Tell me the plot line in 5 sentences for a romcom movie set in rural Kansas for Easter.", "score": [[1.0007946491241455, 0.8265942335128784, 0.7980279326438904, 0.7861476540565491, 0.7505091428756714, 0.6367447972297668, 0.7591308355331421, 0.7537157535552979, 0.6258782744407654, 0.7595084309577942, 0.8153595328330994, 0.8273760080337524, 0.7707363963127136, 0.7940613031387329, 0.7669519186019897, 0.833165168762207, 0.7884912490844727, 0.7396591305732727, 0.7848232388496399, 0.7693578004837036], [0.8265942335128784, 1.0041533708572388, 0.7890707850456238, 0.779682457447052, 0.8524175882339478, 0.6277943253517151, 0.8397601842880249, 0.8703508377075195, 0.6964727640151978, 0.8375470638275146, 0.8634393215179443, 0.8270761370658875, 0.8589597940444946, 0.8168832659721375, 0.8019115924835205, 0.7928084135055542, 0.8579196929931641, 0.8508789539337158, 0.8537403345108032, 0.8542877435684204], [0.7980279326438904, 0.7890707850456238, 0.9988219738006592, 0.7770403027534485, 0.7534471750259399, 0.6380105018615723, 0.6937007904052734, 0.7595241069793701, 0.6647709608078003, 0.7554279565811157, 0.7836756706237793, 0.8090113401412964, 0.7818440794944763, 0.7425109148025513, 0.761765718460083, 0.8045116066932678, 0.7454942464828491, 0.7314731478691101, 0.824556827545166, 0.7678779363632202], [0.7861476540565491, 0.779682457447052, 0.7770403027534485, 0.9966716170310974, 0.7285992503166199, 0.5983102321624756, 0.7577866315841675, 0.752927839756012, 0.6473142504692078, 0.7657865881919861, 0.7722138166427612, 0.8080397844314575, 0.7364950776100159, 0.8013566136360168, 0.8342581987380981, 0.8403059244155884, 0.7830800414085388, 0.7218730449676514, 0.7657109498977661, 0.7200460433959961], [0.7505092620849609, 0.8524175882339478, 0.7534471750259399, 0.7285992503166199, 1.0027852058410645, 0.6004411578178406, 0.8365949988365173, 0.8376809358596802, 0.6640503406524658, 0.8478560447692871, 0.8433539271354675, 0.8282021880149841, 0.8671298623085022, 0.8376343250274658, 0.8035988211631775, 0.7654533982276917, 0.8019195795059204, 0.8637841939926147, 0.883475124835968, 0.8557590246200562], [0.6367447972297668, 0.6277943253517151, 0.6380105018615723, 0.5983102321624756, 0.6004411578178406, 0.9998688101768494, 0.5829703211784363, 0.6049314737319946, 0.8755639791488647, 0.544255793094635, 0.624172568321228, 0.595370888710022, 0.6210715770721436, 0.5899021029472351, 0.585710883140564, 0.5948841571807861, 0.5766232013702393, 0.5856122374534607, 0.6050307154655457, 0.584708571434021], [0.7591308355331421, 0.8397601842880249, 0.6937007904052734, 0.7577866315841675, 0.8365949392318726, 0.5829703211784363, 1.0008602142333984, 0.818970263004303, 0.6429299116134644, 0.8155916929244995, 0.8118841648101807, 0.7962120771408081, 0.785880446434021, 0.8053659200668335, 0.7835916876792908, 0.7661252021789551, 0.8013139963150024, 0.8298500180244446, 0.825398862361908, 0.8039830923080444], [0.7537157535552979, 0.8703508377075195, 0.7595241069793701, 0.752927839756012, 0.8376809358596802, 0.6049314737319946, 0.8189703226089478, 0.9993759989738464, 0.6370628476142883, 0.8410483598709106, 0.814498782157898, 0.8151878714561462, 0.8388040065765381, 0.7997996807098389, 0.7717834711074829, 0.7535813450813293, 0.8191196918487549, 0.8566626310348511, 0.8425242304801941, 0.8360802531242371], [0.6258782744407654, 0.6964727640151978, 0.6647709608078003, 0.6473142504692078, 0.6640503406524658, 0.8755639791488647, 0.6429299116134644, 0.6370628476142883, 1.003109097480774, 0.6108490228652954, 0.6284217238426208, 0.6497597694396973, 0.6741263270378113, 0.6336838603019714, 0.6486892700195312, 0.6685274839401245, 0.608207106590271, 0.6406452059745789, 0.6519060134887695, 0.6685425043106079], [0.7595084309577942, 0.8375470638275146, 0.7554279565811157, 0.7657865881919861, 0.8478560447692871, 0.5442557334899902, 0.8155916929244995, 0.8410483598709106, 0.6108490228652954, 1.0021922588348389, 0.7880474328994751, 0.8303959369659424, 0.8184452056884766, 0.8124332427978516, 0.7992478609085083, 0.7723739147186279, 0.8185663223266602, 0.7982396483421326, 0.8340131640434265, 0.8329019546508789], [0.8153595328330994, 0.8634393215179443, 0.7836756706237793, 0.7722138166427612, 0.8433540463447571, 0.624172568321228, 0.8118841648101807, 0.8144988417625427, 0.6284217238426208, 0.7880474328994751, 0.9976126551628113, 0.82759690284729, 0.8461988568305969, 0.8488795161247253, 0.7761542201042175, 0.77850741147995, 0.856759786605835, 0.847809910774231, 0.8425138592720032, 0.7764413952827454], [0.8273760080337524, 0.8270761370658875, 0.8090113401412964, 0.8080397844314575, 0.8282022476196289, 0.595370888710022, 0.7962120771408081, 0.8151878714561462, 0.6497597694396973, 0.8303959369659424, 0.82759690284729, 0.9972116351127625, 0.8275325894355774, 0.8562482595443726, 0.8252171874046326, 0.854917585849762, 0.8210122585296631, 0.7904961705207825, 0.8397982120513916, 0.7702656984329224], [0.7707363963127136, 0.8589597940444946, 0.7818440794944763, 0.7364950776100159, 0.8671298623085022, 0.6210715770721436, 0.785880446434021, 0.8388040065765381, 0.6741263270378113, 0.8184452056884766, 0.8461988568305969, 0.8275325894355774, 0.9961533546447754, 0.8398746848106384, 0.8065280914306641, 0.7992439270019531, 0.7888908386230469, 0.8707232475280762, 0.8670963644981384, 0.8005023002624512], [0.7940612435340881, 0.8168832659721375, 0.7425109148025513, 0.8013566136360168, 0.8376343250274658, 0.5899021029472351, 0.8053659200668335, 0.7997996807098389, 0.6336838603019714, 0.8124332427978516, 0.8488795161247253, 0.8562482595443726, 0.8398746848106384, 1.0013201236724854, 0.8639833331108093, 0.8399015665054321, 0.7767606377601624, 0.859099268913269, 0.8445034027099609, 0.7838060259819031], [0.7669519782066345, 0.8019115924835205, 0.761765718460083, 0.8342581987380981, 0.8035988211631775, 0.585710883140564, 0.7835916876792908, 0.7717834711074829, 0.6486892700195312, 0.7992478609085083, 0.7761542201042175, 0.8252172470092773, 0.8065280914306641, 0.8639833331108093, 0.9954506158828735, 0.8603169918060303, 0.7421901226043701, 0.7858630418777466, 0.8344911336898804, 0.7817152142524719], [0.833165168762207, 0.7928084135055542, 0.8045116066932678, 0.8403059244155884, 0.7654533982276917, 0.5948841571807861, 0.7661252021789551, 0.7535812854766846, 0.6685274839401245, 0.7723739147186279, 0.77850741147995, 0.854917585849762, 0.7992439270019531, 0.8399015665054321, 0.8603169918060303, 0.9946871995925903, 0.7506140470504761, 0.7458868622779846, 0.8131566047668457, 0.763810396194458], [0.7884912490844727, 0.8579196929931641, 0.7454942464828491, 0.783079981803894, 0.8019195795059204, 0.5766232013702393, 0.8013139963150024, 0.8191196918487549, 0.608207106590271, 0.8185663819313049, 0.856759786605835, 0.8210122585296631, 0.7888908386230469, 0.7767606377601624, 0.7421901226043701, 0.7506140470504761, 0.9982491731643677, 0.7674587965011597, 0.8046162724494934, 0.7555732727050781], [0.7396591305732727, 0.8508789539337158, 0.7314731478691101, 0.7218730449676514, 0.8637841939926147, 0.5856122374534607, 0.8298499584197998, 0.8566626310348511, 0.6406451463699341, 0.7982396483421326, 0.847809910774231, 0.7904961705207825, 0.8707232475280762, 0.859099268913269, 0.7858630418777466, 0.7458868622779846, 0.7674587965011597, 0.9973117709159851, 0.8667768836021423, 0.8216832876205444], [0.7848232388496399, 0.8537403345108032, 0.824556827545166, 0.7657109498977661, 0.883475124835968, 0.6050307154655457, 0.825398862361908, 0.8425242304801941, 0.6519060134887695, 0.8340131640434265, 0.8425139784812927, 0.8397982120513916, 0.8670963644981384, 0.8445034027099609, 0.8344911336898804, 0.8131566047668457, 0.8046162724494934, 0.8667768836021423, 0.9989389181137085, 0.8668667674064636], [0.7693578004837036, 0.8542877435684204, 0.7678779363632202, 0.7200460433959961, 0.8557590246200562, 0.584708571434021, 0.8039830923080444, 0.8360803723335266, 0.6685425043106079, 0.8329019546508789, 0.7764413952827454, 0.7702656388282776, 0.8005023002624512, 0.7838059067726135, 0.7817152142524719, 0.763810396194458, 0.7555732727050781, 0.8216832876205444, 0.8668668270111084, 0.9989413022994995]]}
{"idx": 3, "question": "Write a haiku about a whale and a walnut tree.", "score": [[1.0057743787765503, 0.8909229040145874, 0.8633521795272827, 0.862407386302948, 0.838828980922699, 0.8955566883087158, 0.9287297129631042, 0.8166530132293701, 0.8978614807128906, 0.8945353031158447, 0.9093125462532043, 0.876600444316864, 0.8708829879760742], [0.8909229040145874, 0.9951239824295044, 0.8578970432281494, 0.8818738460540771, 0.8800826072692871, 0.8693020939826965, 0.8858086466789246, 0.7907409071922302, 0.9041682481765747, 0.9295454025268555, 0.9295570850372314, 0.8411863446235657, 0.8518364429473877], [0.8633521795272827, 0.8578970432281494, 1.005497694015503, 0.8996413350105286, 0.8973456025123596, 0.8909722566604614, 0.8838932514190674, 0.863736629486084, 0.8840702176094055, 0.9153256416320801, 0.9050580263137817, 0.9086871147155762, 0.8071777820587158], [0.862407386302948, 0.8818738460540771, 0.8996413350105286, 1.0008103847503662, 0.8907266855239868, 0.8947542309761047, 0.8734226226806641, 0.8786279559135437, 0.8940064907073975, 0.9073999524116516, 0.8859145641326904, 0.8561676740646362, 0.8330175876617432], [0.838828980922699, 0.8800826072692871, 0.8973456025123596, 0.8907266855239868, 0.9950540065765381, 0.8566684126853943, 0.8576583862304688, 0.8212882280349731, 0.8684071898460388, 0.9061797857284546, 0.887389063835144, 0.8424120545387268, 0.7915809750556946], [0.8955566883087158, 0.8693020939826965, 0.8909722566604614, 0.8947542309761047, 0.8566684126853943, 1.004460334777832, 0.8678051233291626, 0.8769900798797607, 0.9436413049697876, 0.9150643944740295, 0.9064297676086426, 0.9063742756843567, 0.8513373136520386], [0.9287297129631042, 0.8858086466789246, 0.8838932514190674, 0.8734226226806641, 0.8576583862304688, 0.8678051233291626, 1.0018819570541382, 0.7757089734077454, 0.8676789999008179, 0.9224439859390259, 0.9025347828865051, 0.8736876249313354, 0.8448082208633423], [0.8166530132293701, 0.7907409071922302, 0.863736629486084, 0.8786279559135437, 0.8212882280349731, 0.8769900798797607, 0.7757089734077454, 1.0035569667816162, 0.8296681642532349, 0.8247238397598267, 0.8699743747711182, 0.8527235388755798, 0.7785989046096802], [0.8978614807128906, 0.9041682481765747, 0.8840702176094055, 0.8940064907073975, 0.8684071898460388, 0.9436413049697876, 0.8676789999008179, 0.8296681642532349, 0.9987437725067139, 0.9094492197036743, 0.9262918829917908, 0.8812189102172852, 0.8537878394126892], [0.8945353031158447, 0.9295454025268555, 0.9153256416320801, 0.9073999524116516, 0.9061797857284546, 0.9150643944740295, 0.9224439859390259, 0.8247238397598267, 0.9094492197036743, 1.0059306621551514, 0.9443246126174927, 0.9049702882766724, 0.8320174217224121], [0.9093125462532043, 0.9295570850372314, 0.9050580263137817, 0.8859145641326904, 0.887389063835144, 0.9064297676086426, 0.9025347828865051, 0.8699743747711182, 0.9262918829917908, 0.9443246126174927, 1.000876784324646, 0.9123532772064209, 0.8720905780792236], [0.876600444316864, 0.8411863446235657, 0.9086871147155762, 0.8561676740646362, 0.8424120545387268, 0.9063742756843567, 0.8736876249313354, 0.8527235388755798, 0.8812189102172852, 0.9049702882766724, 0.9123532772064209, 0.9941977262496948, 0.8532797694206238], [0.8708829879760742, 0.8518364429473877, 0.8071777820587158, 0.8330175876617432, 0.7915809750556946, 0.8513373136520386, 0.8448082208633423, 0.7785989046096802, 0.8537878394126892, 0.8320174217224121, 0.8720905780792236, 0.8532797694206238, 0.9998483657836914]]}
{"idx": 4, "question": "Write a short love poem with 4 lines.", "score": [[1.0045006275177002, 0.7826676964759827, 0.6225751638412476, 0.7139341831207275, 0.6925600171089172, 0.8190330862998962, 0.7633158564567566, 0.8198122382164001, 0.797023355960846, 0.7635104656219482, 0.7274278998374939, 0.7799563407897949, 0.8132684230804443, 0.742381751537323, 0.7641927599906921, 0.7250880599021912, 0.7900925874710083], [0.7826676964759827, 0.9969992637634277, 0.6358352303504944, 0.7413560152053833, 0.676426112651825, 0.7358686327934265, 0.7267705798149109, 0.7323760390281677, 0.7548063397407532, 0.7294204235076904, 0.6883630752563477, 0.653658926486969, 0.7066580653190613, 0.7373698353767395, 0.7315563559532166, 0.6681481599807739, 0.713340163230896], [0.6225751638412476, 0.6358352303504944, 1.0039172172546387, 0.6400400400161743, 0.6138928532600403, 0.5954990386962891, 0.6203644275665283, 0.6249654293060303, 0.6216050386428833, 0.5960602164268494, 0.5885323286056519, 0.6049359440803528, 0.630609393119812, 0.6280461549758911, 0.6166887879371643, 0.5523202419281006, 0.6247733235359192], [0.7139341831207275, 0.7413560152053833, 0.6400400400161743, 1.00693678855896, 0.6566120386123657, 0.7220278382301331, 0.6768986582756042, 0.7426179051399231, 0.7283400893211365, 0.6808745861053467, 0.6337450742721558, 0.6666385531425476, 0.7426652908325195, 0.7568696141242981, 0.6985368132591248, 0.6148751378059387, 0.7096415162086487], [0.6925600171089172, 0.676426112651825, 0.6138928532600403, 0.6566120386123657, 0.9970617294311523, 0.6717254519462585, 0.6245590448379517, 0.6423453688621521, 0.6997520923614502, 0.6693670153617859, 0.5707290172576904, 0.6430825591087341, 0.6702525615692139, 0.5991148352622986, 0.6611799001693726, 0.6172411441802979, 0.6077695488929749], [0.8190330862998962, 0.7358685731887817, 0.5954990386962891, 0.7220278382301331, 0.6717254519462585, 0.9942264556884766, 0.7534680366516113, 0.8192931413650513, 0.7797927856445312, 0.771878182888031, 0.6427151560783386, 0.8624579310417175, 0.7919379472732544, 0.7177382111549377, 0.7653728723526001, 0.7032901644706726, 0.7507022023200989], [0.7633158564567566, 0.7267705798149109, 0.6203644275665283, 0.6768986582756042, 0.6245590448379517, 0.7534680366516113, 0.997378945350647, 0.7487173676490784, 0.7009727954864502, 0.7699667811393738, 0.6955928802490234, 0.6902693510055542, 0.7240726947784424, 0.7171452641487122, 0.757491409778595, 0.6973739862442017, 0.8327823281288147], [0.8198122382164001, 0.732375979423523, 0.6249654293060303, 0.7426179051399231, 0.6423453688621521, 0.8192931413650513, 0.7487173676490784, 1.0065444707870483, 0.7834304571151733, 0.7543044090270996, 0.7172309756278992, 0.8050553202629089, 0.8095138669013977, 0.7427928447723389, 0.7659556269645691, 0.6747845411300659, 0.7507749795913696], [0.797023355960846, 0.7548063397407532, 0.6216050386428833, 0.7283400893211365, 0.6997520923614502, 0.7797927856445312, 0.7009727954864502, 0.7834303975105286, 1.0061315298080444, 0.77161705493927, 0.7414906024932861, 0.7109153270721436, 0.7553802728652954, 0.7566181421279907, 0.7664300799369812, 0.7494489550590515, 0.7066419720649719], [0.7635104656219482, 0.7294204235076904, 0.5960602164268494, 0.6808745861053467, 0.6693670153617859, 0.771878182888031, 0.7699667811393738, 0.7543044686317444, 0.77161705493927, 0.9973710775375366, 0.6661341786384583, 0.7439489364624023, 0.7435592412948608, 0.714078426361084, 0.9860707521438599, 0.7885682582855225, 0.6455340385437012], [0.7274278998374939, 0.6883630752563477, 0.5885323286056519, 0.6337450742721558, 0.5707290172576904, 0.6427152156829834, 0.6955928802490234, 0.7172309756278992, 0.7414906024932861, 0.6661341786384583, 1.006930947303772, 0.6114838123321533, 0.6988471746444702, 0.7586898803710938, 0.6602420210838318, 0.6545053124427795, 0.6836446523666382], [0.7799563407897949, 0.653658926486969, 0.6049359440803528, 0.6666385531425476, 0.6430825591087341, 0.8624579310417175, 0.690269410610199, 0.8050553202629089, 0.7109153270721436, 0.7439489364624023, 0.6114838123321533, 0.9954988360404968, 0.7663136124610901, 0.6709140539169312, 0.7426912188529968, 0.6789767146110535, 0.6963053345680237], [0.8132684230804443, 0.7066580653190613, 0.630609393119812, 0.7426652908325195, 0.6702525615692139, 0.7919379472732544, 0.7240726947784424, 0.8095138669013977, 0.7553802132606506, 0.7435592412948608, 0.6988471746444702, 0.7663136124610901, 1.00665283203125, 0.7610228061676025, 0.7482120394706726, 0.6619370579719543, 0.7204651832580566], [0.742381751537323, 0.7373698353767395, 0.6280461549758911, 0.7568696141242981, 0.5991148352622986, 0.7177382111549377, 0.7171452641487122, 0.7427928447723389, 0.756618082523346, 0.714078426361084, 0.7586898803710938, 0.6709140539169312, 0.7610228061676025, 0.9942487478256226, 0.7197673916816711, 0.6965036988258362, 0.7299846410751343], [0.7641927003860474, 0.7315563559532166, 0.6166887879371643, 0.6985368132591248, 0.6611799001693726, 0.7653728723526001, 0.757491409778595, 0.7659556269645691, 0.7664300799369812, 0.9860707521438599, 0.6602420210838318, 0.7426912188529968, 0.7482120394706726, 0.7197673916816711, 0.997696578502655, 0.7828516960144043, 0.6488794684410095], [0.7250880599021912, 0.6681481003761292, 0.5523202419281006, 0.6148751378059387, 0.6172411441802979, 0.7032901644706726, 0.6973739862442017, 0.6747845411300659, 0.7494488954544067, 0.7885682582855225, 0.6545053124427795, 0.6789767146110535, 0.6619370579719543, 0.6965036988258362, 0.7828517556190491, 0.9941405653953552, 0.6127229332923889], [0.7900925278663635, 0.7133401036262512, 0.624773383140564, 0.7096415162086487, 0.6077696084976196, 0.7507022619247437, 0.8327822685241699, 0.7507750391960144, 0.7066419720649719, 0.6455340385437012, 0.6836445927619934, 0.6963053345680237, 0.7204651832580566, 0.7299847602844238, 0.6488794088363647, 0.6127229332923889, 0.9999210834503174]]}
