{"idx": 0, "question": "Tell me a story in five sentences about a girl and her dog.", "score": [[0.9949939250946045, 0.7112835645675659, 0.6924656629562378, 0.6974900960922241, 0.7755060195922852, 0.7401905059814453, 0.7155026793479919, 0.77391517162323, 0.7493487000465393, 0.7749250531196594, 0.7038670182228088, 0.6835372447967529, 0.8946595788002014, 0.732561469078064, 0.7078190445899963, 0.7582061886787415], [0.7112835645675659, 1.0032662153244019, 0.794081449508667, 0.8250145316123962, 0.7820230722427368, 0.7771345973014832, 0.8358494639396667, 0.8127277493476868, 0.7957070469856262, 0.8609603643417358, 0.8437371850013733, 0.7642096877098083, 0.8376575708389282, 0.8445205688476562, 0.801437497138977, 0.7486872673034668], [0.6924656629562378, 0.794081449508667, 0.995697557926178, 0.7095311880111694, 0.784451961517334, 0.7706247568130493, 0.7945237159729004, 0.7056940197944641, 0.7548816204071045, 0.8150612711906433, 0.7779789566993713, 0.6981024742126465, 0.7947341799736023, 0.7274990081787109, 0.6935878396034241, 0.8069750666618347], [0.6974900960922241, 0.8250145316123962, 0.7095311880111694, 1.0058207511901855, 0.761360228061676, 0.7028201222419739, 0.7705242037773132, 0.7917706370353699, 0.6963722109794617, 0.7705472707748413, 0.7936026453971863, 0.8109813928604126, 0.7885905504226685, 0.8504853844642639, 0.8008226156234741, 0.6827808022499084], [0.7755060195922852, 0.7820230722427368, 0.7844520807266235, 0.761360228061676, 1.0014312267303467, 0.8386650681495667, 0.8011279702186584, 0.7882667779922485, 0.7896912097930908, 0.8487691879272461, 0.8512558937072754, 0.8593965768814087, 0.8281983137130737, 0.8237270712852478, 0.8334159851074219, 0.7885546088218689], [0.7401905059814453, 0.7771345973014832, 0.7706247568130493, 0.7028201222419739, 0.8386650681495667, 1.004886269569397, 0.7639607191085815, 0.7452014088630676, 0.7831112146377563, 0.8524761199951172, 0.7862574458122253, 0.7680034637451172, 0.8273947238922119, 0.7629474401473999, 0.8262659907341003, 0.8243508338928223], [0.7155026793479919, 0.8358494639396667, 0.7945237159729004, 0.770524263381958, 0.8011279702186584, 0.7639607191085815, 1.003668189048767, 0.8335034847259521, 0.7187033295631409, 0.8283172845840454, 0.8413687348365784, 0.7802016735076904, 0.8048730492591858, 0.8662047386169434, 0.8378860354423523, 0.8432456851005554], [0.77391517162323, 0.8127277493476868, 0.7056940197944641, 0.7917706370353699, 0.7882667779922485, 0.7452013492584229, 0.8335034847259521, 1.0034955739974976, 0.7587364912033081, 0.800105094909668, 0.7972320914268494, 0.7560817003250122, 0.8239096999168396, 0.8412850499153137, 0.8094468712806702, 0.753279447555542], [0.7493487000465393, 0.7957070469856262, 0.7548816204071045, 0.6963721513748169, 0.7896912097930908, 0.7831112146377563, 0.7187033295631409, 0.7587364912033081, 1.0037751197814941, 0.7817554473876953, 0.7142714858055115, 0.6649623513221741, 0.8092058897018433, 0.7396323084831238, 0.73641437292099, 0.7666715979576111], [0.7749250531196594, 0.8609603643417358, 0.8150612711906433, 0.7705472111701965, 0.8487691879272461, 0.8524761199951172, 0.8283172845840454, 0.800105094909668, 0.7817554473876953, 0.9953261613845825, 0.8453118205070496, 0.7708789706230164, 0.8506831526756287, 0.8205112814903259, 0.8101556301116943, 0.8102407455444336], [0.7038670182228088, 0.8437371850013733, 0.7779789566993713, 0.7936026453971863, 0.8512560129165649, 0.7862574458122253, 0.8413687348365784, 0.7972320914268494, 0.7142714858055115, 0.8453118205070496, 1.0069012641906738, 0.8292049765586853, 0.814622163772583, 0.8841496706008911, 0.8350708484649658, 0.7535816431045532], [0.6835372447967529, 0.7642096281051636, 0.6981025338172913, 0.8109813928604126, 0.8593965172767639, 0.7680034637451172, 0.7802016735076904, 0.7560817003250122, 0.6649623513221741, 0.7708789706230164, 0.8292049765586853, 1.0071525573730469, 0.7629274129867554, 0.8318579196929932, 0.8208902478218079, 0.6774439811706543], [0.894659698009491, 0.8376575112342834, 0.7947341799736023, 0.7885905504226685, 0.8281983137130737, 0.8273947238922119, 0.8048730492591858, 0.8239096999168396, 0.8092058897018433, 0.8506831526756287, 0.814622163772583, 0.7629274129867554, 0.9979420900344849, 0.8262007832527161, 0.80992591381073, 0.8378350734710693], [0.732561469078064, 0.8445205688476562, 0.7274990081787109, 0.8504853844642639, 0.8237270712852478, 0.7629474401473999, 0.8662047386169434, 0.8412850499153137, 0.7396323084831238, 0.8205112814903259, 0.8841496706008911, 0.8318579196929932, 0.8262007832527161, 1.0029100179672241, 0.8979275226593018, 0.7298434972763062], [0.7078190445899963, 0.801437497138977, 0.6935878992080688, 0.8008225560188293, 0.8334159851074219, 0.8262659907341003, 0.8378860354423523, 0.8094468712806702, 0.73641437292099, 0.8101556301116943, 0.8350708484649658, 0.8208902478218079, 0.80992591381073, 0.8979275226593018, 1.0049588680267334, 0.7565773129463196], [0.7582061886787415, 0.7486872673034668, 0.8069750666618347, 0.6827808022499084, 0.7885546684265137, 0.8243508338928223, 0.8432456851005554, 0.753279447555542, 0.7666716575622559, 0.8102407455444336, 0.7535816431045532, 0.6774439811706543, 0.8378351926803589, 0.7298434972763062, 0.7565773129463196, 1.0005460977554321]]}
{"idx": 1, "question": "Tell me a story in five sentences about a boy and his dog.", "score": [[0.9973143339157104, 0.8043833374977112, 0.6853551864624023, 0.9018574953079224, 0.8400703072547913, 0.8549284934997559, 0.8133881092071533, 0.8322109580039978, 0.8842208981513977, 0.7837780714035034, 0.670885443687439, 0.8276864290237427, 0.8681848645210266, 0.8670745491981506, 0.8403385281562805, 0.8525871634483337, 0.780921220779419], [0.8043833374977112, 1.0068833827972412, 0.5867596864700317, 0.836775004863739, 0.7897264957427979, 0.8380861282348633, 0.7189108729362488, 0.8010095953941345, 0.8159034252166748, 0.755997359752655, 0.6869485974311829, 0.8357807993888855, 0.8279157280921936, 0.8178012371063232, 0.8186854720115662, 0.6940591335296631, 0.8491169810295105], [0.6853551864624023, 0.5867596864700317, 0.9952694177627563, 0.7048853635787964, 0.5924937129020691, 0.6683195233345032, 0.6607797741889954, 0.6220102310180664, 0.6804069876670837, 0.6282405257225037, 0.6065654158592224, 0.643912136554718, 0.6055208444595337, 0.6842963695526123, 0.6843463778495789, 0.6806164979934692, 0.5959546566009521], [0.9018574953079224, 0.8367750644683838, 0.7048853635787964, 0.9978167414665222, 0.8059585690498352, 0.8959451913833618, 0.7587763071060181, 0.8216913938522339, 0.9170743823051453, 0.7775344848632812, 0.733748733997345, 0.8816893696784973, 0.8481342792510986, 0.8986003398895264, 0.8518688082695007, 0.7853025197982788, 0.828965961933136], [0.8400703072547913, 0.7897264957427979, 0.5924937129020691, 0.8059585690498352, 0.9987819790840149, 0.7636055946350098, 0.7368901371955872, 0.8124904632568359, 0.8092851042747498, 0.726922333240509, 0.6263731718063354, 0.7856875658035278, 0.8526909947395325, 0.7708288431167603, 0.8107812404632568, 0.7671899199485779, 0.7451022863388062], [0.8549284934997559, 0.8380861282348633, 0.6683195233345032, 0.8959451913833618, 0.7636055946350098, 1.0051201581954956, 0.7959498763084412, 0.7644921541213989, 0.8897627592086792, 0.7775330543518066, 0.7178786396980286, 0.7975453734397888, 0.8308593034744263, 0.836920440196991, 0.8163774013519287, 0.7676162719726562, 0.8410679697990417], [0.8133881688117981, 0.7189108729362488, 0.6607797741889954, 0.7587763071060181, 0.7368901371955872, 0.7959498763084412, 1.0007141828536987, 0.7546876668930054, 0.7597803473472595, 0.806044340133667, 0.6429558396339417, 0.6776788830757141, 0.7630673050880432, 0.7251251935958862, 0.7688933610916138, 0.8231642842292786, 0.6758319735527039], [0.8322109580039978, 0.8010095953941345, 0.6220102310180664, 0.8216913938522339, 0.8124904632568359, 0.7644921541213989, 0.7546876668930054, 0.9972264766693115, 0.782971978187561, 0.7815156579017639, 0.6985720992088318, 0.8328802585601807, 0.8688079118728638, 0.7940635085105896, 0.8129477500915527, 0.6971602439880371, 0.7695590257644653], [0.8842208981513977, 0.8159034252166748, 0.6804069876670837, 0.9170743823051453, 0.809285044670105, 0.8897627592086792, 0.7597802877426147, 0.782971978187561, 1.0054945945739746, 0.737720787525177, 0.7144145965576172, 0.8302512168884277, 0.8428786993026733, 0.8708940744400024, 0.8366014957427979, 0.8171285390853882, 0.8437756896018982], [0.7837780714035034, 0.755997359752655, 0.6282405257225037, 0.7775344848632812, 0.726922333240509, 0.7775330543518066, 0.806044340133667, 0.7815156579017639, 0.737720787525177, 1.0018326044082642, 0.6688206195831299, 0.7318434119224548, 0.7810414433479309, 0.7321019172668457, 0.7929934859275818, 0.7662582397460938, 0.7125361561775208], [0.670885443687439, 0.6869485974311829, 0.6065654158592224, 0.733748733997345, 0.6263731718063354, 0.7178786396980286, 0.6429558396339417, 0.6985720992088318, 0.714414656162262, 0.6688206195831299, 1.00168776512146, 0.7317677736282349, 0.7334950566291809, 0.786208987236023, 0.6760169267654419, 0.5988682508468628, 0.7142246961593628], [0.8276864290237427, 0.8357807993888855, 0.643912136554718, 0.8816893696784973, 0.7856875658035278, 0.7975453734397888, 0.6776788830757141, 0.8328802585601807, 0.8302512168884277, 0.7318434119224548, 0.7317677736282349, 0.9985043406486511, 0.8281062841415405, 0.8446156978607178, 0.8114829063415527, 0.6831372380256653, 0.8513099551200867], [0.8681848645210266, 0.8279157280921936, 0.6055208444595337, 0.8481342792510986, 0.8526909947395325, 0.8308593034744263, 0.7630673050880432, 0.8688079118728638, 0.8428786993026733, 0.7810414433479309, 0.7334950566291809, 0.8281062841415405, 0.9956901669502258, 0.8200503587722778, 0.8637905120849609, 0.7425723671913147, 0.8173481822013855], [0.8670745491981506, 0.8178012371063232, 0.6842963695526123, 0.8986003994941711, 0.7708288431167603, 0.836920440196991, 0.7251251935958862, 0.7940635085105896, 0.8708940744400024, 0.7321019172668457, 0.786208987236023, 0.844615638256073, 0.8200503587722778, 0.9968246817588806, 0.7907776236534119, 0.7736467123031616, 0.8028740882873535], [0.8403385281562805, 0.8186854720115662, 0.6843463778495789, 0.8518688082695007, 0.8107812404632568, 0.8163774013519287, 0.7688933610916138, 0.812947690486908, 0.8366014957427979, 0.7929935455322266, 0.6760169267654419, 0.8114829063415527, 0.8637905120849609, 0.7907776236534119, 0.9934426546096802, 0.7477086782455444, 0.8058791160583496], [0.8525871634483337, 0.6940591335296631, 0.6806164979934692, 0.7853024005889893, 0.7671898603439331, 0.7676162719726562, 0.8231642842292786, 0.6971602439880371, 0.8171285390853882, 0.7662582397460938, 0.5988682508468628, 0.6831372380256653, 0.7425723671913147, 0.7736467123031616, 0.7477086782455444, 1.004441261291504, 0.6849107146263123], [0.780921220779419, 0.8491171002388, 0.5959546566009521, 0.8289658427238464, 0.7451022267341614, 0.8410680294036865, 0.6758319735527039, 0.7695589661598206, 0.843775749206543, 0.712536096572876, 0.7142246961593628, 0.8513098955154419, 0.8173481822013855, 0.8028741478919983, 0.8058791160583496, 0.684910774230957, 0.9959906339645386]]}
{"idx": 2, "question": "Tell me the plot line in 5 sentences for a romcom movie set in rural Kansas for Easter.", "score": [[0.9980454444885254, 0.8334597945213318, 0.9062224626541138, 0.8509951829910278, 0.7960399985313416, 0.8452944159507751, 0.8202956914901733, 0.6588572859764099, 0.7309481501579285, 0.8749129772186279, 0.7388037443161011, 0.8808719515800476, 0.8775943517684937, 0.7591065168380737, 0.6969021558761597, 0.8517287373542786, 0.868170976638794, 0.8903993368148804, 0.7465853095054626, 0.8742712736129761], [0.8334597945213318, 0.994629979133606, 0.837653398513794, 0.8751593828201294, 0.8401668071746826, 0.8564856648445129, 0.8149212002754211, 0.72939133644104, 0.8282774686813354, 0.8437154293060303, 0.8645835518836975, 0.9091030359268188, 0.8274533152580261, 0.8607955574989319, 0.6306890249252319, 0.8668729662895203, 0.8395002484321594, 0.8501726984977722, 0.8423282504081726, 0.8180263638496399], [0.9062224626541138, 0.837653398513794, 1.0056241750717163, 0.8904206156730652, 0.815829336643219, 0.8693467974662781, 0.8395799994468689, 0.6549549102783203, 0.751811146736145, 0.8880212306976318, 0.7241402864456177, 0.8656407594680786, 0.8957029581069946, 0.7358415126800537, 0.7305110692977905, 0.8918882012367249, 0.8937569260597229, 0.9214582443237305, 0.7453232407569885, 0.9200058579444885], [0.8509951829910278, 0.8751593828201294, 0.8904206156730652, 0.9974441528320312, 0.8393213748931885, 0.8753266930580139, 0.8708724975585938, 0.6529715061187744, 0.7842395305633545, 0.8911396861076355, 0.8113150596618652, 0.8836125731468201, 0.8622349500656128, 0.8211734890937805, 0.6910781264305115, 0.9170451760292053, 0.8830611109733582, 0.8928830027580261, 0.7737476825714111, 0.8962533473968506], [0.7960399985313416, 0.8401668071746826, 0.815829336643219, 0.8393213748931885, 0.9981037974357605, 0.7836354970932007, 0.7241795659065247, 0.7122785449028015, 0.7852915525436401, 0.8152593970298767, 0.8244218826293945, 0.8167843818664551, 0.8085728883743286, 0.7973556518554688, 0.6322610974311829, 0.8618738055229187, 0.8248273730278015, 0.8117561340332031, 0.7906643152236938, 0.8373978137969971], [0.8452944159507751, 0.8564856648445129, 0.8693467378616333, 0.8753266930580139, 0.7836354970932007, 1.0000516176223755, 0.8469712734222412, 0.6807230710983276, 0.7749581933021545, 0.8355804681777954, 0.7506493330001831, 0.872175931930542, 0.8784133195877075, 0.7532925009727478, 0.674325704574585, 0.8681706190109253, 0.8546203374862671, 0.8642705678939819, 0.7835737466812134, 0.8403881788253784], [0.8202956914901733, 0.8149212002754211, 0.8395799994468689, 0.8708724975585938, 0.7241795659065247, 0.8469712734222412, 1.0021014213562012, 0.6803422570228577, 0.7463229894638062, 0.8483856320381165, 0.7342950701713562, 0.8514455556869507, 0.8683470487594604, 0.7325374484062195, 0.6708237528800964, 0.8384543657302856, 0.8584816455841064, 0.8691567778587341, 0.7026934027671814, 0.8414291143417358], [0.6588572859764099, 0.72939133644104, 0.6549549102783203, 0.6529715061187744, 0.7122785449028015, 0.6807230710983276, 0.6803422570228577, 1.0033775568008423, 0.8056055307388306, 0.6765879392623901, 0.7951009273529053, 0.748814046382904, 0.6865329146385193, 0.7678630352020264, 0.4897715449333191, 0.6613726019859314, 0.669631838798523, 0.6597952246665955, 0.7382328510284424, 0.6405050158500671], [0.7309481501579285, 0.8282774686813354, 0.751811146736145, 0.7842395305633545, 0.7852915525436401, 0.7749581933021545, 0.7463229894638062, 0.8056055307388306, 1.003166675567627, 0.7478558421134949, 0.8970935344696045, 0.8320298790931702, 0.7765753269195557, 0.8706234693527222, 0.5519545674324036, 0.7831714153289795, 0.7384928464889526, 0.7606145143508911, 0.8473270535469055, 0.741847038269043], [0.8749129772186279, 0.843715488910675, 0.8880212306976318, 0.8911396861076355, 0.8152593970298767, 0.8355804681777954, 0.8483856916427612, 0.6765879392623901, 0.7478558421134949, 0.9969604015350342, 0.7560529708862305, 0.8874137997627258, 0.8718540072441101, 0.7526243925094604, 0.6755422353744507, 0.9086625576019287, 0.8658059239387512, 0.9086973667144775, 0.7259325981140137, 0.8763777613639832], [0.7388037443161011, 0.8645835518836975, 0.7241402864456177, 0.8113150596618652, 0.8244218826293945, 0.7506493330001831, 0.7342950701713562, 0.7951009273529053, 0.8970935344696045, 0.7560529708862305, 1.001850962638855, 0.8383517265319824, 0.7467153072357178, 0.9355126619338989, 0.575883686542511, 0.7788094282150269, 0.75168776512146, 0.7511845231056213, 0.8392902612686157, 0.7490773797035217], [0.8808719515800476, 0.9091030359268188, 0.8656407594680786, 0.8836125731468201, 0.8167842626571655, 0.872175931930542, 0.8514455556869507, 0.748814046382904, 0.8320298790931702, 0.8874137997627258, 0.8383517265319824, 0.995838463306427, 0.8718010187149048, 0.8300492763519287, 0.6419929265975952, 0.8669745922088623, 0.865691602230072, 0.8894586563110352, 0.7938598990440369, 0.8508128523826599], [0.8775943517684937, 0.8274533152580261, 0.8957029581069946, 0.8622349500656128, 0.8085728883743286, 0.8784133195877075, 0.8683470487594604, 0.6865329146385193, 0.7765753269195557, 0.8718540072441101, 0.7467153072357178, 0.8718008995056152, 1.0037678480148315, 0.7366067171096802, 0.7178161144256592, 0.8787537217140198, 0.8922308683395386, 0.8938254714012146, 0.7508528232574463, 0.8895719051361084], [0.7591065168380737, 0.8607955574989319, 0.7358416318893433, 0.8211734890937805, 0.7973556518554688, 0.7532925009727478, 0.7325374484062195, 0.7678630352020264, 0.8706234693527222, 0.7526243925094604, 0.9355126619338989, 0.8300492763519287, 0.7366067171096802, 1.001463770866394, 0.6028603315353394, 0.7602870464324951, 0.7331564426422119, 0.7566093802452087, 0.8466745615005493, 0.7612306475639343], [0.6969021558761597, 0.6306890249252319, 0.7305110096931458, 0.6910781264305115, 0.6322610974311829, 0.674325704574585, 0.6708237528800964, 0.4897715449333191, 0.5519545674324036, 0.6755422353744507, 0.575883686542511, 0.6419929265975952, 0.7178161144256592, 0.6028603315353394, 0.9936140775680542, 0.6876470446586609, 0.7010067701339722, 0.7060490846633911, 0.6070712804794312, 0.7207654118537903], [0.8517287373542786, 0.8668729662895203, 0.8918882012367249, 0.9170451760292053, 0.8618738055229187, 0.8681706190109253, 0.8384543657302856, 0.6613726019859314, 0.7831714153289795, 0.9086625576019287, 0.7788094282150269, 0.8669745922088623, 0.8787537217140198, 0.7602870464324951, 0.6876470446586609, 0.9976218938827515, 0.8920143842697144, 0.8995553851127625, 0.777919352054596, 0.8974758386611938], [0.868170976638794, 0.8395002484321594, 0.8937569260597229, 0.8830611705780029, 0.8248273730278015, 0.8546203374862671, 0.8584816455841064, 0.669631838798523, 0.7384928464889526, 0.8658059239387512, 0.75168776512146, 0.865691602230072, 0.8922308683395386, 0.7331563830375671, 0.7010067701339722, 0.8920143842697144, 1.0060980319976807, 0.9171044826507568, 0.723790168762207, 0.9102399349212646], [0.8903993368148804, 0.8501726984977722, 0.9214582443237305, 0.8928830027580261, 0.8117561340332031, 0.8642705678939819, 0.8691567778587341, 0.6597952246665955, 0.7606145143508911, 0.9086973667144775, 0.7511845231056213, 0.8894586563110352, 0.8938254714012146, 0.7566093802452087, 0.7060490846633911, 0.8995553851127625, 0.9171044826507568, 0.9979540705680847, 0.7417153120040894, 0.9200050830841064], [0.7465853095054626, 0.8423282504081726, 0.7453232407569885, 0.7737476825714111, 0.7906643152236938, 0.7835737466812134, 0.702693521976471, 0.7382328510284424, 0.8473270535469055, 0.7259325981140137, 0.8392902612686157, 0.7938598990440369, 0.7508528232574463, 0.8466745615005493, 0.6070713400840759, 0.777919352054596, 0.723790168762207, 0.7417153120040894, 0.9991096258163452, 0.7195632457733154], [0.8742712736129761, 0.8180263638496399, 0.9200057983398438, 0.8962533473968506, 0.8373978137969971, 0.8403881788253784, 0.8414291143417358, 0.6405050158500671, 0.741847038269043, 0.8763777613639832, 0.7490773797035217, 0.8508128523826599, 0.8895719051361084, 0.7612306475639343, 0.7207654118537903, 0.8974758386611938, 0.9102399349212646, 0.9200050830841064, 0.7195632457733154, 1.004304051399231]]}
{"idx": 3, "question": "Write a haiku about a whale and a walnut tree.", "score": [[1.0060803890228271, 0.7828652858734131, 0.8517797589302063, 0.8065136075019836, 0.8726078271865845, 0.8054143786430359, 0.8243749141693115, 0.8496290445327759, 0.8622938394546509, 0.8442832827568054, 0.8149394989013672, 0.7343119382858276, 0.7046982049942017, 0.6924931406974792, 0.8819463849067688, 0.8349953889846802, 0.86656653881073], [0.7828652858734131, 0.9950038194656372, 0.8554040789604187, 0.8546252250671387, 0.8455949425697327, 0.8294933438301086, 0.8672077655792236, 0.7963019609451294, 0.8163594007492065, 0.7959401607513428, 0.838108241558075, 0.7053959965705872, 0.788531482219696, 0.7403688430786133, 0.8000920414924622, 0.8586535453796387, 0.7660315036773682], [0.8517797589302063, 0.8554040789604187, 0.9959729313850403, 0.8899246454238892, 0.9243552684783936, 0.8907346725463867, 0.9183056950569153, 0.918770432472229, 0.9146689176559448, 0.8988437652587891, 0.8976951837539673, 0.808441162109375, 0.8265507221221924, 0.721088171005249, 0.8954417705535889, 0.862259030342102, 0.8473637700080872], [0.8065136075019836, 0.8546252250671387, 0.8899246454238892, 0.9969963431358337, 0.8778085112571716, 0.8597140908241272, 0.8960120677947998, 0.8384324312210083, 0.8588733673095703, 0.86368328332901, 0.8580710887908936, 0.7697107791900635, 0.859804093837738, 0.6895386576652527, 0.8235979676246643, 0.8052332401275635, 0.8059511780738831], [0.8726078271865845, 0.8455949425697327, 0.9243553280830383, 0.8778085112571716, 1.0077743530273438, 0.8772379755973816, 0.9187310934066772, 0.886961042881012, 0.8874134421348572, 0.9020639657974243, 0.9244468212127686, 0.8279144763946533, 0.8112362623214722, 0.7349253296852112, 0.914342999458313, 0.8327722549438477, 0.9058341383934021], [0.8054143786430359, 0.8294933438301086, 0.8907346725463867, 0.8597140908241272, 0.8772379755973816, 1.003421425819397, 0.894681453704834, 0.8423418402671814, 0.9270258545875549, 0.9078810214996338, 0.9463990926742554, 0.8637368083000183, 0.8351066708564758, 0.6916426420211792, 0.8299325704574585, 0.8124251961708069, 0.7966038584709167], [0.8243749141693115, 0.8672077655792236, 0.9183056950569153, 0.8960121870040894, 0.9187310934066772, 0.894681453704834, 1.0056554079055786, 0.8805598020553589, 0.8964421153068542, 0.8814364671707153, 0.8947750329971313, 0.8217524290084839, 0.8428252339363098, 0.7186574935913086, 0.8554171323776245, 0.8422577977180481, 0.8641504049301147], [0.8496290445327759, 0.7963019609451294, 0.918770432472229, 0.8384324312210083, 0.886961042881012, 0.8423418402671814, 0.8805598020553589, 1.000145435333252, 0.9294933080673218, 0.9144705533981323, 0.8286908268928528, 0.8023704290390015, 0.763684093952179, 0.6464694738388062, 0.8738189935684204, 0.8002626299858093, 0.8608967065811157], [0.8622937798500061, 0.816359281539917, 0.9146689176559448, 0.8588733673095703, 0.8874134421348572, 0.9270258545875549, 0.8964421153068542, 0.9294933080673218, 1.0076948404312134, 0.9469503164291382, 0.8985421657562256, 0.860023558139801, 0.7978769540786743, 0.6597246527671814, 0.8773869276046753, 0.7992743253707886, 0.8565300107002258], [0.8442832827568054, 0.7959401607513428, 0.8988437652587891, 0.86368328332901, 0.9020639657974243, 0.9078810214996338, 0.8814364671707153, 0.9144705533981323, 0.9469503164291382, 1.0035287141799927, 0.886428952217102, 0.8699249625205994, 0.8345991373062134, 0.648730993270874, 0.8742851614952087, 0.774115800857544, 0.8509418368339539], [0.8149394989013672, 0.838108241558075, 0.8976951837539673, 0.8580710887908936, 0.9244468212127686, 0.9463990926742554, 0.8947750329971313, 0.8286908268928528, 0.8985421657562256, 0.886428952217102, 1.0057340860366821, 0.8716433644294739, 0.8241227269172668, 0.709195077419281, 0.8728578090667725, 0.8205379247665405, 0.8328815698623657], [0.7343119382858276, 0.7053959965705872, 0.808441162109375, 0.7697107791900635, 0.8279144167900085, 0.8637368083000183, 0.8217524886131287, 0.8023704290390015, 0.860023558139801, 0.8699249625205994, 0.8716433644294739, 1.0017796754837036, 0.7768572568893433, 0.6079130172729492, 0.7623323202133179, 0.6997917294502258, 0.7729095816612244], [0.7046982049942017, 0.788531482219696, 0.8265507221221924, 0.859804093837738, 0.8112362623214722, 0.8351066708564758, 0.8428252339363098, 0.763684093952179, 0.7978770732879639, 0.8345991373062134, 0.8241227269172668, 0.7768572568893433, 0.9979944825172424, 0.6604646444320679, 0.7395527958869934, 0.7608150839805603, 0.7313814163208008], [0.6924931406974792, 0.7403688430786133, 0.7210881114006042, 0.6895386576652527, 0.7349253296852112, 0.6916426420211792, 0.7186574935913086, 0.6464694738388062, 0.6597246527671814, 0.648730993270874, 0.709195077419281, 0.6079130172729492, 0.6604646444320679, 1.0065855979919434, 0.6819214820861816, 0.7387991547584534, 0.6823099255561829], [0.8819463849067688, 0.8000919222831726, 0.8954417705535889, 0.8235979676246643, 0.914342999458313, 0.8299325704574585, 0.8554171323776245, 0.8738189339637756, 0.8773869276046753, 0.874285101890564, 0.8728578090667725, 0.7623323202133179, 0.7395527362823486, 0.6819214820861816, 0.9987332820892334, 0.7684193849563599, 0.8639742136001587], [0.8349953889846802, 0.8586535453796387, 0.862259030342102, 0.8052332401275635, 0.8327722549438477, 0.8124251961708069, 0.8422577977180481, 0.8002626299858093, 0.7992743253707886, 0.774115800857544, 0.8205379247665405, 0.6997917294502258, 0.7608150839805603, 0.7387992739677429, 0.7684193849563599, 1.0070209503173828, 0.7696788907051086], [0.8665665984153748, 0.7660315036773682, 0.8473637104034424, 0.8059511780738831, 0.9058341383934021, 0.796603798866272, 0.8641504049301147, 0.8608967065811157, 0.8565301299095154, 0.8509418368339539, 0.8328815698623657, 0.7729095220565796, 0.7313814759254456, 0.6823099255561829, 0.8639740943908691, 0.7696788907051086, 1.0019961595535278]]}
{"idx": 4, "question": "Write a short love poem with 4 lines.", "score": [[1.0032576322555542, 0.8543649315834045, 0.7464353442192078, 0.7103991508483887, 0.8121145963668823, 0.5614039301872253, 0.7842658162117004, 0.843953549861908, 0.8601071834564209, 0.8055457472801208, 0.8220475316047668, 0.8552811145782471, 0.7642793655395508, 0.7968992590904236, 0.7486194968223572, 0.7943871021270752, 0.7100497484207153], [0.8543649315834045, 1.0073821544647217, 0.7952152490615845, 0.7439785003662109, 0.818630039691925, 0.5822572708129883, 0.8227510452270508, 0.8356769680976868, 0.8175742030143738, 0.838739812374115, 0.8448721766471863, 0.8626992106437683, 0.8067905902862549, 0.8295446038246155, 0.756152868270874, 0.801095187664032, 0.7732505798339844], [0.746435284614563, 0.7952152490615845, 1.0034700632095337, 0.7567477822303772, 0.7592641711235046, 0.5970437526702881, 0.7078612446784973, 0.7495726943016052, 0.7682717442512512, 0.873940110206604, 0.7434107065200806, 0.7373266220092773, 0.8292077779769897, 0.8072559237480164, 0.7392687201499939, 0.7563872933387756, 0.8045225143432617], [0.7103991508483887, 0.7439785599708557, 0.7567477822303772, 0.9961673617362976, 0.7481988668441772, 0.5213161706924438, 0.666654646396637, 0.7191426157951355, 0.7016505002975464, 0.7651715874671936, 0.6724199652671814, 0.7373822331428528, 0.7249983549118042, 0.7401300668716431, 0.678765058517456, 0.7563087344169617, 0.7498559951782227], [0.8121146559715271, 0.818630039691925, 0.7592641711235046, 0.7481988072395325, 1.0050668716430664, 0.5472951531410217, 0.7854371070861816, 0.820167064666748, 0.7986274361610413, 0.8083648085594177, 0.7706703543663025, 0.7901185750961304, 0.7570028901100159, 0.7999036312103271, 0.7392146587371826, 0.794333815574646, 0.746146559715271], [0.5614039301872253, 0.5822572708129883, 0.5970438122749329, 0.5213161706924438, 0.5472951531410217, 1.000709056854248, 0.49849119782447815, 0.584224283695221, 0.536176323890686, 0.590488076210022, 0.6110051870346069, 0.5824676752090454, 0.6178966760635376, 0.5599595308303833, 0.5062602162361145, 0.5285435318946838, 0.5278785228729248], [0.7842658162117004, 0.8227510452270508, 0.7078612446784973, 0.666654646396637, 0.7854370474815369, 0.49849119782447815, 1.0057114362716675, 0.7648026943206787, 0.788483738899231, 0.7627156972885132, 0.7326092720031738, 0.749322772026062, 0.7443888783454895, 0.7633437514305115, 0.7298203706741333, 0.7681577801704407, 0.7195166349411011], [0.843953549861908, 0.8356769680976868, 0.7495726943016052, 0.7191426157951355, 0.8201670050621033, 0.584224283695221, 0.7648027539253235, 1.0055534839630127, 0.7743853330612183, 0.8206583857536316, 0.8493202924728394, 0.8731991648674011, 0.7450916171073914, 0.8035435080528259, 0.6821449995040894, 0.7731439471244812, 0.6769505739212036], [0.8601071834564209, 0.817574143409729, 0.7682717442512512, 0.7016505002975464, 0.7986274361610413, 0.536176323890686, 0.788483738899231, 0.7743853330612183, 1.0038052797317505, 0.7952405214309692, 0.7898808717727661, 0.7812243103981018, 0.8029245138168335, 0.7854710221290588, 0.7432842254638672, 0.7264828085899353, 0.7525261044502258], [0.8055457472801208, 0.838739812374115, 0.873940110206604, 0.7651715874671936, 0.8083648085594177, 0.590488076210022, 0.7627156972885132, 0.820658266544342, 0.7952405214309692, 1.0072197914123535, 0.8095890283584595, 0.849990963935852, 0.8580392599105835, 0.8689649701118469, 0.7149165272712708, 0.7627252340316772, 0.7857981324195862], [0.8220475316047668, 0.8448721766471863, 0.7434107065200806, 0.6724199652671814, 0.7706703543663025, 0.6110051870346069, 0.7326092720031738, 0.8493202924728394, 0.7898808717727661, 0.8095890283584595, 1.0039867162704468, 0.864039421081543, 0.7620075345039368, 0.7474610209465027, 0.640457034111023, 0.7044209837913513, 0.6821200847625732], [0.8552811145782471, 0.8626992106437683, 0.7373266220092773, 0.7373822331428528, 0.7901185750961304, 0.5824676752090454, 0.749322772026062, 0.8731991648674011, 0.7812243103981018, 0.849990963935852, 0.864039421081543, 1.0007463693618774, 0.7821401357650757, 0.7879027128219604, 0.6551191210746765, 0.7080506086349487, 0.7061326503753662], [0.7642793655395508, 0.8067905902862549, 0.8292077779769897, 0.7249983549118042, 0.7570028901100159, 0.6178966760635376, 0.7443888783454895, 0.7450915575027466, 0.802924633026123, 0.8580392599105835, 0.7620075345039368, 0.7821402549743652, 1.0000605583190918, 0.7874147295951843, 0.7334644794464111, 0.7274351716041565, 0.7704096436500549], [0.7968992590904236, 0.8295446038246155, 0.8072559237480164, 0.7401300668716431, 0.7999036312103271, 0.5599595308303833, 0.7633437514305115, 0.8035435080528259, 0.7854710221290588, 0.8689649701118469, 0.7474610209465027, 0.7879027128219604, 0.7874147295951843, 1.001035451889038, 0.6843774914741516, 0.7611662149429321, 0.7665940523147583], [0.7486194968223572, 0.7561529278755188, 0.7392687201499939, 0.678765058517456, 0.7392146587371826, 0.5062602162361145, 0.7298203706741333, 0.6821449995040894, 0.7432842254638672, 0.7149165272712708, 0.640457034111023, 0.6551191210746765, 0.7334644794464111, 0.6843774914741516, 1.0072978734970093, 0.7433907985687256, 0.6999620199203491], [0.7943871021270752, 0.801095187664032, 0.7563873529434204, 0.7563087344169617, 0.794333815574646, 0.5285435318946838, 0.7681577801704407, 0.7731439471244812, 0.7264828085899353, 0.7627252340316772, 0.7044209837913513, 0.7080506086349487, 0.7274351716041565, 0.7611662149429321, 0.7433907985687256, 0.9958452582359314, 0.6860197186470032], [0.7100497484207153, 0.7732505798339844, 0.8045225143432617, 0.7498560547828674, 0.7461466193199158, 0.5278785824775696, 0.7195167541503906, 0.6769506335258484, 0.7525261640548706, 0.7857980728149414, 0.6821200251579285, 0.7061326503753662, 0.7704096436500549, 0.7665940523147583, 0.6999619603157043, 0.6860195994377136, 0.9973834753036499]]}
{"idx": 5, "question": "Write a short poem of hatred with 4 lines.", "score": [[0.9980820417404175, 0.7068448066711426, 0.6603450179100037, 0.6165208220481873, 0.7220896482467651, 0.49696409702301025, 0.654028058052063, 0.5538245439529419, 0.6469098329544067, 0.6670368909835815, 0.4600372016429901, 0.547188937664032, 0.8143749237060547, 0.5207265019416809], [0.7068448066711426, 0.9974682331085205, 0.7393882870674133, 0.7493834495544434, 0.7593955397605896, 0.665370762348175, 0.6812431812286377, 0.5271837711334229, 0.7414990067481995, 0.692423939704895, 0.4937490224838257, 0.5906814336776733, 0.7065725326538086, 0.6072652339935303], [0.6603450179100037, 0.7393882870674133, 0.9963417053222656, 0.6424074172973633, 0.7386560440063477, 0.6129434108734131, 0.653077244758606, 0.4650057554244995, 0.6503996253013611, 0.676651120185852, 0.5846812725067139, 0.6116032600402832, 0.6215656995773315, 0.6586098670959473], [0.6165208220481873, 0.7493834495544434, 0.6424074172973633, 1.0016443729400635, 0.627853512763977, 0.8000594973564148, 0.6388915181159973, 0.42660173773765564, 0.8580088019371033, 0.7657619714736938, 0.5537304282188416, 0.6776527166366577, 0.5996029376983643, 0.6423442363739014], [0.7220896482467651, 0.7593955397605896, 0.7386560440063477, 0.627853512763977, 1.000724196434021, 0.511318564414978, 0.6361720561981201, 0.5655761957168579, 0.695030689239502, 0.7236672043800354, 0.4534949064254761, 0.6414532661437988, 0.6743683218955994, 0.5684707164764404], [0.49696409702301025, 0.665370762348175, 0.6129434108734131, 0.8000594973564148, 0.511318564414978, 1.0029206275939941, 0.7143687009811401, 0.35444119572639465, 0.8130795359611511, 0.7059372067451477, 0.5647001266479492, 0.7160966992378235, 0.5203428268432617, 0.7484856843948364], [0.654028058052063, 0.6812431812286377, 0.653077244758606, 0.6388915181159973, 0.6361720561981201, 0.7143687009811401, 1.005425214767456, 0.45183220505714417, 0.7666204571723938, 0.7343980073928833, 0.541260838508606, 0.7474456429481506, 0.63969486951828, 0.6933454275131226], [0.5538245439529419, 0.5271837711334229, 0.4650057554244995, 0.42660173773765564, 0.5655761957168579, 0.35444119572639465, 0.45183220505714417, 0.9984644055366516, 0.413130521774292, 0.41966718435287476, 0.34550511837005615, 0.35712534189224243, 0.5297714471817017, 0.31614771485328674], [0.6469098329544067, 0.7414990067481995, 0.6503996253013611, 0.8580088019371033, 0.695030689239502, 0.8130795359611511, 0.7666204571723938, 0.413130521774292, 1.0058519840240479, 0.8774361610412598, 0.5534418821334839, 0.8536049127578735, 0.6323628425598145, 0.7533071041107178], [0.6670368909835815, 0.692423939704895, 0.676651120185852, 0.7657619714736938, 0.7236672043800354, 0.7059372067451477, 0.7343980073928833, 0.41966718435287476, 0.8774361610412598, 1.005738377571106, 0.5994614362716675, 0.812724232673645, 0.6449784636497498, 0.7383632659912109], [0.4600372016429901, 0.4937490224838257, 0.5846812725067139, 0.5537304282188416, 0.4534949064254761, 0.5647001266479492, 0.541260838508606, 0.34550511837005615, 0.5534418821334839, 0.5994614362716675, 0.9927313327789307, 0.5413835048675537, 0.4098699986934662, 0.5833041071891785], [0.547188937664032, 0.5906814336776733, 0.6116032600402832, 0.6776527166366577, 0.6414532661437988, 0.7160966992378235, 0.7474456429481506, 0.35712534189224243, 0.8536049127578735, 0.812724232673645, 0.5413835048675537, 1.0060549974441528, 0.5361080169677734, 0.7335522174835205], [0.8143749237060547, 0.7065725326538086, 0.6215656995773315, 0.5996029376983643, 0.6743683218955994, 0.5203428268432617, 0.63969486951828, 0.5297714471817017, 0.6323628425598145, 0.6449784636497498, 0.4098699986934662, 0.5361080169677734, 0.9935948252677917, 0.5264440774917603], [0.5207265019416809, 0.6072652339935303, 0.6586098670959473, 0.6423442363739014, 0.5684707164764404, 0.7484856843948364, 0.6933454275131226, 0.31614771485328674, 0.7533071041107178, 0.7383632659912109, 0.5833041071891785, 0.7335522174835205, 0.5264440774917603, 0.9975265264511108]]}
{"idx": 6, "question": "Write a short fable about a lemur and a light bulb.", "score": [[1.0072146654129028, 0.8845075964927673, 0.7599730491638184, 0.9093684554100037, 0.9012295007705688, 0.8230389356613159, 0.8091708421707153, 0.8550447225570679, 0.7410724759101868, 0.835113525390625, 0.8374675512313843, 0.7053751945495605, 0.8051291108131409, 0.8021459579467773], [0.8845075964927673, 1.002726435661316, 0.781407356262207, 0.9214820861816406, 0.9298418164253235, 0.8111611604690552, 0.8012782335281372, 0.8413640260696411, 0.7311787009239197, 0.8061615824699402, 0.7572075128555298, 0.729578971862793, 0.7912419438362122, 0.8254165649414062], [0.7599730491638184, 0.781407356262207, 1.0041624307632446, 0.796302318572998, 0.8609596490859985, 0.7825644612312317, 0.7920275926589966, 0.8389567136764526, 0.8482366800308228, 0.7369797825813293, 0.8141051530838013, 0.7322991490364075, 0.9124987125396729, 0.858077883720398], [0.9093684554100037, 0.9214820861816406, 0.796302318572998, 0.9970566630363464, 0.916462242603302, 0.8409513235092163, 0.8175725340843201, 0.8532195687294006, 0.7757365703582764, 0.8014647960662842, 0.8007415533065796, 0.7484301924705505, 0.8271787166595459, 0.818154513835907], [0.9012295007705688, 0.9298418164253235, 0.8609596490859985, 0.916462242603302, 1.0034103393554688, 0.8073310852050781, 0.7957676649093628, 0.8338295817375183, 0.7885931730270386, 0.7754367589950562, 0.8068037033081055, 0.7562847137451172, 0.8508226871490479, 0.8325885534286499], [0.8230389356613159, 0.8111611604690552, 0.7825644612312317, 0.8409513235092163, 0.8073310852050781, 1.0009629726409912, 0.8464475274085999, 0.8629370927810669, 0.78700190782547, 0.810207724571228, 0.8207892179489136, 0.7550415396690369, 0.8412680625915527, 0.8130253553390503], [0.8091708421707153, 0.8012782335281372, 0.7920275926589966, 0.8175725340843201, 0.7957676649093628, 0.8464475274085999, 0.9962680339813232, 0.9071983098983765, 0.7828010320663452, 0.8726520538330078, 0.8433495163917542, 0.749393105506897, 0.8195222616195679, 0.8367938995361328], [0.8550447225570679, 0.8413640260696411, 0.8389567136764526, 0.8532195687294006, 0.8338295817375183, 0.8629370927810669, 0.9071983098983765, 1.0011768341064453, 0.808300793170929, 0.8854158520698547, 0.8914735317230225, 0.7374600768089294, 0.8751570582389832, 0.9007636308670044], [0.7410724759101868, 0.7311787009239197, 0.8482366800308228, 0.7757365703582764, 0.7885931730270386, 0.78700190782547, 0.7828010320663452, 0.808300793170929, 1.0030152797698975, 0.7097628116607666, 0.7811025381088257, 0.6926162242889404, 0.7999203205108643, 0.8396244049072266], [0.835113525390625, 0.8061615824699402, 0.7369797825813293, 0.8014647960662842, 0.7754367589950562, 0.810207724571228, 0.8726520538330078, 0.8854158520698547, 0.7097628116607666, 0.9992449879646301, 0.8400129079818726, 0.6904726624488831, 0.7961864471435547, 0.8119578957557678], [0.8374675512313843, 0.7572075128555298, 0.8141051530838013, 0.8007415533065796, 0.8068037033081055, 0.8207892179489136, 0.8433495163917542, 0.8914735317230225, 0.7811025381088257, 0.8400129079818726, 1.005462884902954, 0.693775475025177, 0.844860315322876, 0.8154329061508179], [0.7053751945495605, 0.729578971862793, 0.7322991490364075, 0.7484301924705505, 0.7562847137451172, 0.7550415396690369, 0.749393105506897, 0.7374600768089294, 0.6926162242889404, 0.6904726624488831, 0.693775475025177, 0.9927927255630493, 0.7369882464408875, 0.731540858745575], [0.8051291108131409, 0.7912419438362122, 0.9124987125396729, 0.8271787166595459, 0.8508226871490479, 0.8412680625915527, 0.8195222616195679, 0.8751570582389832, 0.7999203205108643, 0.7961864471435547, 0.844860315322876, 0.7369882464408875, 0.9985388517379761, 0.8501555919647217], [0.8021459579467773, 0.8254165649414062, 0.858077883720398, 0.818154513835907, 0.8325885534286499, 0.8130253553390503, 0.8367938995361328, 0.9007636308670044, 0.8396244049072266, 0.8119578957557678, 0.8154329061508179, 0.731540858745575, 0.8501555919647217, 0.9944545030593872]]}
