{"idx": 0, "question": "Tell me a story in five sentences about a girl and her dog.", "score": [[1.003468632698059, 0.7195919752120972, 0.8309178352355957, 0.8039571642875671, 0.8230727910995483, 0.818266749382019, 0.858457624912262, 0.7279990315437317, 0.7107985019683838, 0.7518258690834045, 0.6886468529701233, 0.780235230922699, 0.8088240623474121, 0.7709120512008667, 0.7883303165435791, 0.8818695545196533, 0.7631819248199463, 0.7149955630302429, 0.7693526744842529, 0.7605944871902466], [0.7195919752120972, 0.9937151074409485, 0.7791083455085754, 0.6945090293884277, 0.7264704704284668, 0.7190642356872559, 0.7577799558639526, 0.706849992275238, 0.6584053039550781, 0.7437185049057007, 0.703871488571167, 0.7054673433303833, 0.7635539174079895, 0.7358946800231934, 0.72185218334198, 0.7638519406318665, 0.7221562266349792, 0.7557424306869507, 0.7676883339881897, 0.6896848678588867], [0.8309178948402405, 0.7791083455085754, 1.007034182548523, 0.77225661277771, 0.8113287687301636, 0.7657254338264465, 0.8541111350059509, 0.7807347178459167, 0.7372713088989258, 0.825671911239624, 0.7679936289787292, 0.7920417785644531, 0.850321352481842, 0.8476052284240723, 0.8097873330116272, 0.8789946436882019, 0.7638033032417297, 0.8266643285751343, 0.8597128391265869, 0.8300571441650391], [0.8039571642875671, 0.694508969783783, 0.77225661277771, 0.9999460577964783, 0.7971569299697876, 0.8321743607521057, 0.8166418671607971, 0.7462791800498962, 0.7605413198471069, 0.8439734578132629, 0.7335346937179565, 0.8596799373626709, 0.8460801839828491, 0.8371416926383972, 0.7950738072395325, 0.8233041167259216, 0.7247412204742432, 0.6961684823036194, 0.8101728558540344, 0.7374575138092041], [0.8230727910995483, 0.7264704704284668, 0.8113287687301636, 0.7971569299697876, 0.9956595301628113, 0.8145233392715454, 0.8300275802612305, 0.7924467325210571, 0.7460010647773743, 0.8164485692977905, 0.7224398851394653, 0.7578162550926208, 0.8476384878158569, 0.8609138131141663, 0.7319068908691406, 0.8011490702629089, 0.7084267735481262, 0.7371136546134949, 0.7958046793937683, 0.7970511317253113], [0.818266749382019, 0.7190642356872559, 0.7657254338264465, 0.8321743607521057, 0.8145233392715454, 1.0070825815200806, 0.9306251406669617, 0.7739448547363281, 0.830611526966095, 0.7943617105484009, 0.7489256858825684, 0.821052074432373, 0.7974627614021301, 0.7760488390922546, 0.7824232578277588, 0.8087825775146484, 0.689174234867096, 0.7331081628799438, 0.803268551826477, 0.7904001474380493], [0.858457624912262, 0.7577799558639526, 0.8541111350059509, 0.8166418671607971, 0.8300275802612305, 0.9306251406669617, 1.0077165365219116, 0.784630298614502, 0.8354798555374146, 0.7896335124969482, 0.8096458911895752, 0.8238375186920166, 0.8275154232978821, 0.8107849359512329, 0.8453730344772339, 0.8742445707321167, 0.7643859386444092, 0.8215981125831604, 0.8639966249465942, 0.812333881855011], [0.7279990315437317, 0.706849992275238, 0.7807347178459167, 0.7462791800498962, 0.7924467325210571, 0.7739448547363281, 0.784630298614502, 1.0058598518371582, 0.7385715842247009, 0.8262054920196533, 0.7869771718978882, 0.7449724078178406, 0.8180533647537231, 0.8355913758277893, 0.7446424961090088, 0.7694876194000244, 0.6805944442749023, 0.7744450569152832, 0.8232505321502686, 0.784856379032135], [0.7107985019683838, 0.6584053039550781, 0.7372713088989258, 0.7605413198471069, 0.7460010647773743, 0.830611526966095, 0.8354799151420593, 0.7385715842247009, 1.0072145462036133, 0.7858074903488159, 0.8400837779045105, 0.8286832571029663, 0.6978070139884949, 0.7622829675674438, 0.8111681938171387, 0.7387813925743103, 0.6121473908424377, 0.7513458728790283, 0.7966948747634888, 0.8069347143173218], [0.7518258690834045, 0.7437185049057007, 0.825671911239624, 0.8439734578132629, 0.8164485692977905, 0.7943617701530457, 0.7896335124969482, 0.8262054920196533, 0.7858074903488159, 1.0008924007415771, 0.7717297077178955, 0.801253616809845, 0.850572407245636, 0.8832837343215942, 0.7726677656173706, 0.8101357221603394, 0.7194180488586426, 0.7780628204345703, 0.8708507418632507, 0.8183737993240356], [0.6886468529701233, 0.703871488571167, 0.7679936289787292, 0.7335346937179565, 0.7224398851394653, 0.7489256858825684, 0.8096458911895752, 0.7869771718978882, 0.8400837779045105, 0.7717297077178955, 0.9934732913970947, 0.8011583685874939, 0.7389707565307617, 0.7622827291488647, 0.8262014985084534, 0.768031656742096, 0.6552948951721191, 0.8627013564109802, 0.8805979490280151, 0.7519802451133728], [0.780235230922699, 0.7054673433303833, 0.7920417785644531, 0.8596800565719604, 0.7578162550926208, 0.821052074432373, 0.8238375186920166, 0.7449724078178406, 0.8286832571029663, 0.801253616809845, 0.8011583685874939, 0.9986683130264282, 0.7858188152313232, 0.7820536494255066, 0.8767495155334473, 0.8373063206672668, 0.7328861355781555, 0.7491095066070557, 0.8184774518013, 0.7400925159454346], [0.8088240623474121, 0.7635539174079895, 0.850321352481842, 0.8460801839828491, 0.8476384878158569, 0.7974627614021301, 0.8275154232978821, 0.8180533647537231, 0.6978070139884949, 0.850572407245636, 0.7389706373214722, 0.7858188152313232, 0.9983489513397217, 0.9199727773666382, 0.7764752507209778, 0.8465754389762878, 0.8000432252883911, 0.751024067401886, 0.8395757079124451, 0.7634918689727783], [0.7709120512008667, 0.7358946800231934, 0.8476052284240723, 0.8371416926383972, 0.8609138131141663, 0.7760488390922546, 0.8107849359512329, 0.8355913758277893, 0.7622829675674438, 0.883283793926239, 0.7622827291488647, 0.7820536494255066, 0.9199727773666382, 1.004286289215088, 0.7550360560417175, 0.8192876577377319, 0.7351279854774475, 0.7671224474906921, 0.8399805426597595, 0.8046706318855286], [0.7883301973342896, 0.72185218334198, 0.8097873330116272, 0.7950738072395325, 0.7319068908691406, 0.7824232578277588, 0.8453730344772339, 0.7446424961090088, 0.8111680746078491, 0.7726677656173706, 0.8262014985084534, 0.8767495155334473, 0.7764752507209778, 0.7550360560417175, 0.9965894222259521, 0.8530923128128052, 0.7398922443389893, 0.7695677280426025, 0.833151638507843, 0.7387136220932007], [0.8818695545196533, 0.7638519406318665, 0.8789946436882019, 0.8233041167259216, 0.8011490702629089, 0.8087825775146484, 0.8742445707321167, 0.7694876194000244, 0.7387813925743103, 0.8101356625556946, 0.768031656742096, 0.8373063206672668, 0.8465754389762878, 0.8192876577377319, 0.8530923128128052, 0.9949193000793457, 0.8016906976699829, 0.7841110825538635, 0.8485527634620667, 0.7786151766777039], [0.7631819248199463, 0.7221562266349792, 0.7638033032417297, 0.7247412204742432, 0.7084267139434814, 0.689174234867096, 0.7643859386444092, 0.6805944442749023, 0.6121473908424377, 0.7194179892539978, 0.6552948951721191, 0.7328861355781555, 0.8000432252883911, 0.7351279854774475, 0.7398922443389893, 0.8016906976699829, 1.0016653537750244, 0.6923235654830933, 0.7476044297218323, 0.6188704371452332], [0.7149955630302429, 0.7557424306869507, 0.8266643285751343, 0.6961684823036194, 0.7371136546134949, 0.7331081628799438, 0.8215980529785156, 0.7744450569152832, 0.7513458728790283, 0.7780628204345703, 0.8627013564109802, 0.7491095066070557, 0.751024067401886, 0.7671225070953369, 0.7695677280426025, 0.7841110825538635, 0.6923235654830933, 1.005569577217102, 0.8687707781791687, 0.797998309135437], [0.7693526744842529, 0.7676883339881897, 0.8597128391265869, 0.8101728558540344, 0.7958046793937683, 0.803268551826477, 0.8639966249465942, 0.8232505321502686, 0.7966948747634888, 0.8708507418632507, 0.8805979490280151, 0.8184774518013, 0.8395757079124451, 0.8399805426597595, 0.833151638507843, 0.8485528230667114, 0.7476044297218323, 0.8687707781791687, 0.9937171936035156, 0.7917808890342712], [0.7605944871902466, 0.6896849274635315, 0.8300571441650391, 0.7374575138092041, 0.7970511317253113, 0.7904001474380493, 0.812333881855011, 0.784856379032135, 0.8069347143173218, 0.8183737993240356, 0.7519802451133728, 0.7400925159454346, 0.7634918689727783, 0.8046706318855286, 0.7387136220932007, 0.7786152362823486, 0.6188704371452332, 0.797998309135437, 0.7917808890342712, 1.0032049417495728]]}
{"idx": 1, "question": "Tell me a story in five sentences about a boy and his dog.", "score": [[1.0048925876617432, 0.705055832862854, 0.5931792259216309, 0.7927752137184143, 0.7785272598266602, 0.7604742646217346, 0.6686615347862244, 0.7829098701477051, 0.7218568325042725, 0.7680622339248657, 0.7647738456726074, 0.7894984483718872, 0.798162579536438, 0.8077561855316162, 0.7514545917510986, 0.7662737965583801, 0.7697213888168335, 0.7648323178291321, 0.7538361549377441, 0.7175487875938416], [0.705055832862854, 0.999190092086792, 0.7706767916679382, 0.7916198968887329, 0.7684890627861023, 0.7665398716926575, 0.8027228713035583, 0.8195932507514954, 0.7196349501609802, 0.853661298751831, 0.775436282157898, 0.7876505255699158, 0.8254398703575134, 0.8008441925048828, 0.7696629762649536, 0.7113006114959717, 0.7656042575836182, 0.7684236168861389, 0.7623233199119568, 0.8580325841903687], [0.5931792259216309, 0.7706767916679382, 1.0014475584030151, 0.7117297649383545, 0.6331780552864075, 0.6396957039833069, 0.6596367955207825, 0.7447617650032043, 0.6179075837135315, 0.7457402348518372, 0.6360825896263123, 0.6814150214195251, 0.7209282517433167, 0.6704798936843872, 0.6545957922935486, 0.6206784248352051, 0.6195919513702393, 0.6575101017951965, 0.6717332005500793, 0.8534467816352844], [0.7927752137184143, 0.7916198968887329, 0.7117297649383545, 0.9952942728996277, 0.853488028049469, 0.8148185610771179, 0.7665724754333496, 0.9132542610168457, 0.8260320425033569, 0.8853256106376648, 0.7811877727508545, 0.853206992149353, 0.8840113878250122, 0.8418596386909485, 0.8516939878463745, 0.8552757501602173, 0.8544870615005493, 0.9034437537193298, 0.8471512198448181, 0.842349648475647], [0.7785271406173706, 0.7684890627861023, 0.6331780552864075, 0.853488028049469, 1.001274585723877, 0.8410623073577881, 0.8188623785972595, 0.8410149216651917, 0.8928054571151733, 0.8606696724891663, 0.8357813358306885, 0.810160756111145, 0.8467035293579102, 0.8154259920120239, 0.8811339735984802, 0.8627527952194214, 0.9039868116378784, 0.8696602582931519, 0.8047327995300293, 0.7332895994186401], [0.7604742646217346, 0.7665398716926575, 0.6396958231925964, 0.8148184418678284, 0.8410623073577881, 1.0027803182601929, 0.7649064064025879, 0.834064245223999, 0.8229489922523499, 0.8605414628982544, 0.7662506699562073, 0.8499612212181091, 0.8528352975845337, 0.8434585928916931, 0.8537365794181824, 0.7698445916175842, 0.9177008867263794, 0.7950144410133362, 0.7793313264846802, 0.7344333529472351], [0.6686615347862244, 0.8027228713035583, 0.6596367955207825, 0.7665725350379944, 0.8188623785972595, 0.7649064064025879, 1.007850170135498, 0.7536682486534119, 0.8178558945655823, 0.7645364999771118, 0.8209259510040283, 0.7449007034301758, 0.7804921269416809, 0.757675290107727, 0.8032968044281006, 0.7899592518806458, 0.8421415090560913, 0.8145596981048584, 0.7316860556602478, 0.7748501896858215], [0.7829098701477051, 0.8195932507514954, 0.7447617650032043, 0.9132542610168457, 0.8410149216651917, 0.834064245223999, 0.7536682486534119, 0.9936420917510986, 0.8352197408676147, 0.91825270652771, 0.7712880969047546, 0.9237319231033325, 0.9391546249389648, 0.8553789854049683, 0.854681134223938, 0.8325706124305725, 0.845260500907898, 0.8619387149810791, 0.886340320110321, 0.8187831044197083], [0.7218568325042725, 0.7196349501609802, 0.6179075837135315, 0.8260320425033569, 0.8928054571151733, 0.8229489922523499, 0.8178558349609375, 0.8352197408676147, 1.0052005052566528, 0.8438652157783508, 0.7708115577697754, 0.8460368514060974, 0.8800098896026611, 0.7590163946151733, 0.9562703371047974, 0.8488495349884033, 0.9158003330230713, 0.8581862449645996, 0.772493839263916, 0.679951012134552], [0.7680622339248657, 0.853661298751831, 0.7457402348518372, 0.8853256106376648, 0.8606696724891663, 0.8605414628982544, 0.764536440372467, 0.91825270652771, 0.8438652157783508, 0.9958562850952148, 0.7680899500846863, 0.8952807188034058, 0.9274342656135559, 0.8421100378036499, 0.8944492340087891, 0.7950934767723083, 0.8574997782707214, 0.8456066846847534, 0.8209911584854126, 0.8146789073944092], [0.7647738456726074, 0.775436282157898, 0.6360825896263123, 0.7811877727508545, 0.8357813358306885, 0.7662506699562073, 0.8209259510040283, 0.7712880969047546, 0.7708115577697754, 0.7680899500846863, 0.9970919489860535, 0.7622461318969727, 0.780419111251831, 0.8290793895721436, 0.7889645099639893, 0.7966189384460449, 0.818206250667572, 0.8097588419914246, 0.7739511132240295, 0.7651070356369019], [0.7894984483718872, 0.7876505255699158, 0.6814150214195251, 0.853206992149353, 0.810160756111145, 0.8499612212181091, 0.7449007034301758, 0.9237319231033325, 0.8460368514060974, 0.8952807188034058, 0.7622461318969727, 0.9935241937637329, 0.962749719619751, 0.869110107421875, 0.8674454689025879, 0.7805496454238892, 0.8695440292358398, 0.8135180473327637, 0.8353075981140137, 0.7656322121620178], [0.798162579536438, 0.8254398703575134, 0.7209282517433167, 0.8840112686157227, 0.8467035293579102, 0.8528351783752441, 0.7804921269416809, 0.9391546249389648, 0.8800098299980164, 0.9274342656135559, 0.780419111251831, 0.962749719619751, 1.0036052465438843, 0.8738548159599304, 0.8953306078910828, 0.8151403665542603, 0.8703165054321289, 0.849278450012207, 0.8425804376602173, 0.8008561730384827], [0.8077561855316162, 0.8008441925048828, 0.6704798936843872, 0.8418596386909485, 0.8154260516166687, 0.8434585928916931, 0.757675290107727, 0.8553789854049683, 0.7590163946151733, 0.8421100378036499, 0.8290793895721436, 0.869110107421875, 0.8738548159599304, 0.9927236437797546, 0.7858920097351074, 0.7473818063735962, 0.8221026062965393, 0.7863125801086426, 0.7861970663070679, 0.8060325384140015], [0.7514545917510986, 0.7696629762649536, 0.6545957922935486, 0.8516939878463745, 0.8811339735984802, 0.8537365794181824, 0.8032968044281006, 0.854681134223938, 0.9562703371047974, 0.8944492340087891, 0.7889645099639893, 0.8674454689025879, 0.8953306078910828, 0.7858920097351074, 1.0069936513900757, 0.8227267265319824, 0.9301649332046509, 0.8579140305519104, 0.801781177520752, 0.7256843447685242], [0.7662737965583801, 0.7113006114959717, 0.6206784248352051, 0.8552757501602173, 0.8627527952194214, 0.7698445916175842, 0.7899592518806458, 0.8325706124305725, 0.8488495349884033, 0.7950934767723083, 0.7966189384460449, 0.7805496454238892, 0.8151403665542603, 0.7473818063735962, 0.8227267265319824, 0.994175374507904, 0.8396251201629639, 0.9128872752189636, 0.7775790691375732, 0.7077398300170898], [0.7697213888168335, 0.7656042575836182, 0.6195919513702393, 0.8544870615005493, 0.9039868116378784, 0.9177008867263794, 0.8421415090560913, 0.845260500907898, 0.9158002138137817, 0.8574997782707214, 0.818206250667572, 0.8695440292358398, 0.8703165054321289, 0.8221026062965393, 0.9301649332046509, 0.8396251201629639, 1.005255103111267, 0.8527290225028992, 0.8210230469703674, 0.7371187210083008], [0.7648323178291321, 0.7684236168861389, 0.6575101017951965, 0.9034437537193298, 0.8696602582931519, 0.7950144410133362, 0.8145596981048584, 0.8619387149810791, 0.8581862449645996, 0.8456066846847534, 0.8097587823867798, 0.8135180473327637, 0.849278450012207, 0.7863125205039978, 0.8579140305519104, 0.9128872752189636, 0.8527290225028992, 0.9994160532951355, 0.815608024597168, 0.769781768321991], [0.7538362145423889, 0.7623233199119568, 0.6717332005500793, 0.8471512198448181, 0.8047327995300293, 0.7793313264846802, 0.7316860556602478, 0.886340320110321, 0.772493839263916, 0.8209911584854126, 0.7739511132240295, 0.8353075981140137, 0.8425804376602173, 0.7861970663070679, 0.8017811179161072, 0.7775790691375732, 0.8210230469703674, 0.815608024597168, 0.9981842637062073, 0.7683663964271545], [0.7175487875938416, 0.8580325841903687, 0.8534467816352844, 0.842349648475647, 0.7332895994186401, 0.7344333529472351, 0.7748501896858215, 0.8187831044197083, 0.679951012134552, 0.8146789073944092, 0.7651070356369019, 0.7656322717666626, 0.8008561730384827, 0.8060325384140015, 0.7256843447685242, 0.7077398300170898, 0.7371187210083008, 0.769781768321991, 0.7683663964271545, 0.9988490343093872]]}
{"idx": 2, "question": "Tell me the plot line in 5 sentences for a romcom movie set in rural Kansas for Easter.", "score": [[0.9946895241737366, 0.7567381262779236, 0.8489381074905396, 0.8081571459770203, 0.8337101936340332, 0.6244766116142273, 0.7647374868392944, 0.7644229531288147, 0.8371555805206299, 0.80942702293396, 0.7496102452278137, 0.9001304507255554, 0.8781546950340271, 0.7366815209388733, 0.7742087244987488, 0.7410399317741394, 0.7844054698944092, 0.8034563064575195, 0.7755021452903748, 0.7615865468978882], [0.7567381262779236, 0.9985883235931396, 0.7915812134742737, 0.8533164262771606, 0.7599505186080933, 0.7239558100700378, 0.8639118671417236, 0.8271498680114746, 0.7485228180885315, 0.7377937436103821, 0.8506301641464233, 0.8052594065666199, 0.747409999370575, 0.8781212568283081, 0.6046313047409058, 0.7869091629981995, 0.8510900735855103, 0.8447563052177429, 0.8171553015708923, 0.8485017418861389], [0.8489381074905396, 0.7915812134742737, 1.0048046112060547, 0.8048654198646545, 0.8538125157356262, 0.6414865255355835, 0.8011699914932251, 0.8183683156967163, 0.8435836434364319, 0.8338791728019714, 0.7795738577842712, 0.8750868439674377, 0.8464532494544983, 0.7662012577056885, 0.8007766604423523, 0.7754939198493958, 0.8224701881408691, 0.776599645614624, 0.792548656463623, 0.7876135110855103], [0.8081571459770203, 0.8533164262771606, 0.8048654198646545, 0.9938152432441711, 0.7677528262138367, 0.7369162440299988, 0.833048939704895, 0.8595717549324036, 0.7555719017982483, 0.7619310021400452, 0.8565278649330139, 0.8220435380935669, 0.7873995900154114, 0.8323502540588379, 0.6703580021858215, 0.858976423740387, 0.9057568311691284, 0.8606484532356262, 0.8941836357116699, 0.877758264541626], [0.8337101936340332, 0.7599505186080933, 0.8538125157356262, 0.7677528262138367, 0.9961991310119629, 0.6970439553260803, 0.7901453971862793, 0.7520091533660889, 0.8373079299926758, 0.8448736667633057, 0.8095337152481079, 0.8779432773590088, 0.88427734375, 0.75617516040802, 0.7707499861717224, 0.7709257006645203, 0.7703647613525391, 0.8121410012245178, 0.7855597734451294, 0.7494747042655945], [0.6244766116142273, 0.7239558100700378, 0.6414865255355835, 0.7369162440299988, 0.6970439553260803, 0.9992309212684631, 0.7610284686088562, 0.7308530211448669, 0.6840417385101318, 0.6999897360801697, 0.7863627672195435, 0.6711694598197937, 0.7027438879013062, 0.7546719908714294, 0.6179684996604919, 0.760867714881897, 0.8020399808883667, 0.7696667313575745, 0.7167725563049316, 0.7559489607810974], [0.7647374868392944, 0.8639118671417236, 0.8011699914932251, 0.833048939704895, 0.7901453971862793, 0.7610284686088562, 0.9978256225585938, 0.8534881472587585, 0.7679130434989929, 0.7726694345474243, 0.8762142658233643, 0.7922090888023376, 0.7861591577529907, 0.8808579444885254, 0.679038405418396, 0.8313687443733215, 0.8496400117874146, 0.8640612363815308, 0.8208774328231812, 0.8474892973899841], [0.7644229531288147, 0.8271498680114746, 0.8183683156967163, 0.8595717549324036, 0.7520091533660889, 0.7308530211448669, 0.8534881472587585, 1.0014739036560059, 0.7664871215820312, 0.7455240488052368, 0.8737980127334595, 0.8010225296020508, 0.780849814414978, 0.8207127451896667, 0.6906889081001282, 0.8780176043510437, 0.8777858018875122, 0.8295494914054871, 0.8552416563034058, 0.8912381529808044], [0.8371555805206299, 0.7485228180885315, 0.8435837030410767, 0.7555719017982483, 0.8373079299926758, 0.6840417385101318, 0.7679130434989929, 0.7664871215820312, 1.0066959857940674, 0.809007465839386, 0.7765693664550781, 0.880644679069519, 0.8807626962661743, 0.7278285622596741, 0.8000161051750183, 0.7393152713775635, 0.7686290144920349, 0.7960171103477478, 0.7320460081100464, 0.7210890054702759], [0.80942702293396, 0.7377937436103821, 0.8338791728019714, 0.7619310021400452, 0.8448736667633057, 0.6999897360801697, 0.7726694345474243, 0.7455240488052368, 0.809007465839386, 1.0053019523620605, 0.7383708357810974, 0.812857985496521, 0.834586501121521, 0.7454663515090942, 0.7846394777297974, 0.7436081767082214, 0.7560440897941589, 0.7864587306976318, 0.7332078218460083, 0.7569476366043091], [0.7496102452278137, 0.8506301641464233, 0.7795738577842712, 0.8565278649330139, 0.8095337152481079, 0.7863627672195435, 0.8762142658233643, 0.8737980127334595, 0.7765693664550781, 0.7383708357810974, 0.9972769618034363, 0.7993664145469666, 0.8070290684700012, 0.8550604581832886, 0.6863126754760742, 0.879845917224884, 0.8736387491226196, 0.8678749799728394, 0.8456000685691833, 0.8602670431137085], [0.9001304507255554, 0.8052594065666199, 0.8750868439674377, 0.8220435380935669, 0.8779432773590088, 0.6711694598197937, 0.7922090888023376, 0.8010226488113403, 0.880644679069519, 0.812857985496521, 0.7993664145469666, 1.006939172744751, 0.8933470249176025, 0.7557693719863892, 0.7975006103515625, 0.7898797988891602, 0.8037113547325134, 0.8142969608306885, 0.7848120331764221, 0.7779511213302612], [0.8781546950340271, 0.747409999370575, 0.8464532494544983, 0.7873995900154114, 0.88427734375, 0.7027438879013062, 0.7861591577529907, 0.780849814414978, 0.8807626962661743, 0.834586501121521, 0.8070290684700012, 0.8933470249176025, 0.9937077760696411, 0.7436132431030273, 0.833054780960083, 0.7956057786941528, 0.7859147787094116, 0.789329469203949, 0.7551504373550415, 0.7723814845085144], [0.7366815209388733, 0.8781212568283081, 0.7662012577056885, 0.8323502540588379, 0.75617516040802, 0.7546719908714294, 0.8808579444885254, 0.8207127451896667, 0.7278285622596741, 0.7454663515090942, 0.8550604581832886, 0.7557693719863892, 0.7436132431030273, 1.000110149383545, 0.6265960931777954, 0.8268719911575317, 0.8753677010536194, 0.8492542505264282, 0.8151838779449463, 0.8641365766525269], [0.7742087244987488, 0.6046313047409058, 0.8007766604423523, 0.6703580021858215, 0.7707499861717224, 0.6179684996604919, 0.679038405418396, 0.6906889081001282, 0.8000160455703735, 0.7846394777297974, 0.6863126754760742, 0.7975006699562073, 0.833054780960083, 0.6265960931777954, 1.0002083778381348, 0.7139183878898621, 0.6746319532394409, 0.6685671210289001, 0.6455749869346619, 0.6579824686050415], [0.7410399317741394, 0.7869091629981995, 0.7754939198493958, 0.858976423740387, 0.7709257006645203, 0.760867714881897, 0.8313687443733215, 0.8780176043510437, 0.7393152713775635, 0.7436081767082214, 0.879845917224884, 0.7898797988891602, 0.7956057786941528, 0.826871931552887, 0.7139183878898621, 0.9985942840576172, 0.8719714283943176, 0.8158701062202454, 0.8505368232727051, 0.8821597099304199], [0.7844054698944092, 0.8510900735855103, 0.8224701881408691, 0.9057568311691284, 0.7703647613525391, 0.8020399808883667, 0.8496400117874146, 0.8777858018875122, 0.7686290144920349, 0.7560440897941589, 0.8736387491226196, 0.8037113547325134, 0.7859147787094116, 0.8753677010536194, 0.6746319532394409, 0.8719714283943176, 1.0050286054611206, 0.8746117353439331, 0.8712171316146851, 0.8949567079544067], [0.8034563064575195, 0.8447563052177429, 0.776599645614624, 0.8606485724449158, 0.8121410012245178, 0.7696667313575745, 0.8640612959861755, 0.8295494914054871, 0.7960171103477478, 0.7864587306976318, 0.8678749799728394, 0.8142969608306885, 0.789329469203949, 0.8492542505264282, 0.6685671210289001, 0.8158701062202454, 0.8746117353439331, 0.9979528784751892, 0.8568212389945984, 0.8361787796020508], [0.7755021452903748, 0.8171553015708923, 0.792548656463623, 0.8941836357116699, 0.7855597734451294, 0.7167724967002869, 0.8208774328231812, 0.8552416563034058, 0.7320460081100464, 0.7332078218460083, 0.8456000685691833, 0.7848120331764221, 0.7551504373550415, 0.8151838779449463, 0.6455749869346619, 0.8505368232727051, 0.8712171316146851, 0.8568212389945984, 1.0003446340560913, 0.8513373136520386], [0.7615865468978882, 0.8485017418861389, 0.7876134514808655, 0.877758264541626, 0.7494747042655945, 0.7559489607810974, 0.8474892973899841, 0.8912381529808044, 0.7210890054702759, 0.7569476366043091, 0.8602669835090637, 0.7779511213302612, 0.7723814845085144, 0.8641365766525269, 0.6579824686050415, 0.8821597695350647, 0.8949565887451172, 0.8361787796020508, 0.8513373136520386, 1.0031899213790894]]}
{"idx": 3, "question": "Write a haiku about a whale and a walnut tree.", "score": [[1.0025227069854736, 0.9072888493537903, 0.6323697566986084, 0.8873118162155151, 0.8079051375389099, 0.8951394557952881, 0.8827055096626282, 0.8236967921257019, 0.9068609476089478, 0.7932068705558777, 0.9085898399353027, 0.9191201329231262, 0.9314250349998474, 0.8796883225440979, 0.8090413212776184, 0.8876254558563232], [0.9072888493537903, 1.0016191005706787, 0.657562792301178, 0.9039440155029297, 0.8172038793563843, 0.8682352304458618, 0.8645085096359253, 0.8087623119354248, 0.8885617256164551, 0.8226089477539062, 0.8800721764564514, 0.8664738535881042, 0.8998824954032898, 0.9071452617645264, 0.7974851727485657, 0.8926877379417419], [0.6323697566986084, 0.657562792301178, 0.9998685717582703, 0.6255617141723633, 0.5523155331611633, 0.5602145791053772, 0.5564776659011841, 0.546175479888916, 0.5745288729667664, 0.5301181674003601, 0.5923521518707275, 0.5496625304222107, 0.6365557312965393, 0.6083821058273315, 0.6963800191879272, 0.5778168439865112], [0.8873118162155151, 0.9039440155029297, 0.6255617141723633, 0.997597873210907, 0.8608799576759338, 0.879716694355011, 0.8642755746841431, 0.8403605818748474, 0.9060739874839783, 0.8452455401420593, 0.8963509798049927, 0.8377166986465454, 0.8973960280418396, 0.9105294346809387, 0.8166549205780029, 0.8955867886543274], [0.8079051375389099, 0.8172038793563843, 0.5523155331611633, 0.8608799576759338, 1.003024935722351, 0.8171679973602295, 0.8388296961784363, 0.8079848885536194, 0.8168454170227051, 0.792021632194519, 0.8396889567375183, 0.8295580744743347, 0.8429790735244751, 0.8351292610168457, 0.7796410322189331, 0.8467659950256348], [0.8951394557952881, 0.8682351112365723, 0.5602145791053772, 0.879716694355011, 0.8171679973602295, 0.9966113567352295, 0.8374587893486023, 0.8682597279548645, 0.8790383338928223, 0.8350083827972412, 0.905254065990448, 0.852906346321106, 0.8750708103179932, 0.9143033623695374, 0.801628589630127, 0.8946292400360107], [0.8827055096626282, 0.8645085096359253, 0.5564776659011841, 0.8642755746841431, 0.8388296961784363, 0.8374587893486023, 1.0002856254577637, 0.8040482997894287, 0.8709911704063416, 0.8186911344528198, 0.8495232462882996, 0.8870867490768433, 0.8615396022796631, 0.8487022519111633, 0.763311505317688, 0.8669721484184265], [0.8236967921257019, 0.8087623119354248, 0.546175479888916, 0.8403605818748474, 0.8079848885536194, 0.8682597279548645, 0.8040482997894287, 0.996433436870575, 0.816418468952179, 0.8418982625007629, 0.8729933500289917, 0.7951042652130127, 0.8641605973243713, 0.88960862159729, 0.7754181027412415, 0.8505075573921204], [0.9068609476089478, 0.8885617256164551, 0.5745288729667664, 0.9060739874839783, 0.8168454170227051, 0.8790383338928223, 0.8709911704063416, 0.8164184093475342, 1.001891016960144, 0.8217194676399231, 0.8846973776817322, 0.8570591807365417, 0.8762112855911255, 0.8835204243659973, 0.8246344923973083, 0.8899489641189575], [0.7932068705558777, 0.8226089477539062, 0.5301181674003601, 0.8452455401420593, 0.7920215725898743, 0.835008442401886, 0.8186911344528198, 0.8418982625007629, 0.8217194676399231, 0.9993271827697754, 0.8384464979171753, 0.7572527527809143, 0.8445219993591309, 0.8721656203269958, 0.7371035814285278, 0.8574299812316895], [0.9085898399353027, 0.8800721764564514, 0.5923521518707275, 0.8963509798049927, 0.8396888971328735, 0.905254065990448, 0.8495232462882996, 0.8729933500289917, 0.8846973776817322, 0.8384464979171753, 1.0002442598342896, 0.8564051389694214, 0.9257528781890869, 0.9245432019233704, 0.7918265461921692, 0.8981173634529114], [0.9191201329231262, 0.8664738535881042, 0.5496625304222107, 0.8377166986465454, 0.8295580744743347, 0.852906346321106, 0.8870867490768433, 0.7951042652130127, 0.8570591807365417, 0.7572527527809143, 0.8564051389694214, 1.006778597831726, 0.8645483255386353, 0.8181015253067017, 0.7857730388641357, 0.8255757093429565], [0.9314250946044922, 0.8998824954032898, 0.6365557312965393, 0.8973960280418396, 0.8429790735244751, 0.8750709295272827, 0.8615396022796631, 0.8641607165336609, 0.8762112855911255, 0.8445219993591309, 0.9257528781890869, 0.8645483255386353, 1.006490707397461, 0.9274821281433105, 0.8014743328094482, 0.910461962223053], [0.8796883225440979, 0.9071452617645264, 0.6083821058273315, 0.9105294346809387, 0.8351293802261353, 0.9143033623695374, 0.8487022519111633, 0.8896085023880005, 0.8835204243659973, 0.8721656799316406, 0.9245432019233704, 0.8181014657020569, 0.9274821281433105, 0.9984912872314453, 0.8075063228607178, 0.9383190274238586], [0.8090413212776184, 0.7974851131439209, 0.6963800191879272, 0.8166549205780029, 0.7796410322189331, 0.801628589630127, 0.763311505317688, 0.7754181027412415, 0.8246345520019531, 0.7371035814285278, 0.7918265461921692, 0.785772979259491, 0.8014743328094482, 0.807506263256073, 0.9956750869750977, 0.795569121837616], [0.8876254558563232, 0.8926876187324524, 0.5778168439865112, 0.8955869078636169, 0.84676593542099, 0.8946292400360107, 0.8669721484184265, 0.8505075573921204, 0.8899489641189575, 0.8574299812316895, 0.8981173634529114, 0.8255757093429565, 0.9104619026184082, 0.9383190274238586, 0.795569121837616, 0.9976634383201599]]}
{"idx": 4, "question": "Write a short love poem with 4 lines.", "score": [[0.9981917142868042, 0.5507580637931824, 0.5949468016624451, 0.5065141320228577, 0.534238338470459, 0.5558125972747803, 0.538499116897583, 0.5249985456466675, 0.58927983045578, 0.5716937780380249, 0.5677106976509094, 0.5238550901412964, 0.5357670783996582, 0.5612075328826904, 0.579275369644165, 0.5134272575378418, 0.6084652543067932, 0.6062481999397278, 0.5502523183822632, 0.5661625266075134], [0.5507580637931824, 0.9942152500152588, 0.7982119917869568, 0.7325029373168945, 0.8370234966278076, 0.7045920491218567, 0.7950523495674133, 0.733172595500946, 0.7084841728210449, 0.7962049245834351, 0.7880562543869019, 0.7154056429862976, 0.730663537979126, 0.6305012702941895, 0.7534913420677185, 0.7570579051971436, 0.5702933669090271, 0.6745613217353821, 0.757362961769104, 0.7083518505096436], [0.5949468016624451, 0.7982119917869568, 0.994383692741394, 0.7181766033172607, 0.8026515245437622, 0.8187820911407471, 0.7613435387611389, 0.7573287487030029, 0.7342384457588196, 0.8402993679046631, 0.8417546153068542, 0.7553853988647461, 0.7779553532600403, 0.6858485341072083, 0.7374827861785889, 0.6901297569274902, 0.6635919809341431, 0.7316541075706482, 0.6655334830284119, 0.7931819558143616], [0.5065141320228577, 0.7325029373168945, 0.7181766033172607, 1.0051687955856323, 0.7210877537727356, 0.6851291656494141, 0.7810116410255432, 0.7423829436302185, 0.6821979284286499, 0.7523056268692017, 0.7526832818984985, 0.7142020463943481, 0.6806600689888, 0.6226802468299866, 0.7351850867271423, 0.6756446957588196, 0.5499830842018127, 0.664567768573761, 0.6657916307449341, 0.7580208778381348], [0.534238338470459, 0.8370234966278076, 0.8026515245437622, 0.7210877537727356, 0.9957509636878967, 0.7457136511802673, 0.7358102202415466, 0.7771092653274536, 0.7423599362373352, 0.8372892737388611, 0.8013516068458557, 0.8264092206954956, 0.7346997261047363, 0.6834177374839783, 0.7330776453018188, 0.7773813605308533, 0.594821035861969, 0.7075160145759583, 0.7691452503204346, 0.7246899604797363], [0.5558125972747803, 0.7045920491218567, 0.8187820911407471, 0.6851291656494141, 0.7457136511802673, 1.000840187072754, 0.7163763642311096, 0.6921989321708679, 0.6979139447212219, 0.7701345086097717, 0.8436918258666992, 0.7403674125671387, 0.7487384676933289, 0.7007805705070496, 0.7597014904022217, 0.6918044686317444, 0.6042172908782959, 0.683239758014679, 0.6666014790534973, 0.7012206315994263], [0.538499116897583, 0.7950523495674133, 0.7613435387611389, 0.7810116410255432, 0.7358102202415466, 0.7163763642311096, 1.0065808296203613, 0.7800770998001099, 0.6992083191871643, 0.7262279391288757, 0.8115264177322388, 0.6829242706298828, 0.7335949540138245, 0.604477047920227, 0.796176016330719, 0.6865541934967041, 0.6042615175247192, 0.6402202844619751, 0.7174996137619019, 0.7651073336601257], [0.5249985456466675, 0.733172595500946, 0.7573287487030029, 0.7423829436302185, 0.7771092653274536, 0.6921989321708679, 0.7800770998001099, 1.0034126043319702, 0.7955906987190247, 0.7508009076118469, 0.7442022562026978, 0.7087952494621277, 0.70854651927948, 0.6483574509620667, 0.7295306324958801, 0.65069580078125, 0.6292687058448792, 0.6694085001945496, 0.7285263538360596, 0.7288805842399597], [0.58927983045578, 0.7084841728210449, 0.7342384457588196, 0.6821979284286499, 0.7423599362373352, 0.6979139447212219, 0.6992083191871643, 0.7955906987190247, 0.9992378354072571, 0.7333031892776489, 0.7565954327583313, 0.7156592011451721, 0.7019277811050415, 0.6376685500144958, 0.7241700887680054, 0.6715328097343445, 0.609170138835907, 0.681919515132904, 0.6306564807891846, 0.6815624237060547], [0.5716937780380249, 0.7962049245834351, 0.8402993679046631, 0.7523056268692017, 0.8372892737388611, 0.7701345086097717, 0.7262279391288757, 0.7508009076118469, 0.7333031892776489, 1.0019750595092773, 0.8057005405426025, 0.7672678828239441, 0.7268633246421814, 0.729228138923645, 0.744228720664978, 0.6640444397926331, 0.6038387417793274, 0.7572171092033386, 0.6758430600166321, 0.787399172782898], [0.5677106976509094, 0.7880562543869019, 0.8417546153068542, 0.7526832222938538, 0.8013516068458557, 0.8436918258666992, 0.8115264177322388, 0.7442022562026978, 0.7565954327583313, 0.8057005405426025, 0.9994364976882935, 0.752415120601654, 0.7800734639167786, 0.6674472689628601, 0.775149941444397, 0.7321613430976868, 0.6217394471168518, 0.7147180438041687, 0.6600753664970398, 0.7574396133422852], [0.5238550901412964, 0.7154056429862976, 0.7553853392601013, 0.7142020463943481, 0.8264092206954956, 0.7403674125671387, 0.6829242706298828, 0.7087952494621277, 0.7156592011451721, 0.7672678828239441, 0.752415120601654, 0.9989535808563232, 0.7024668455123901, 0.6639513373374939, 0.7318462133407593, 0.6670718193054199, 0.5710073709487915, 0.6624972224235535, 0.6942713856697083, 0.6644364595413208], [0.5357670783996582, 0.730663537979126, 0.7779553532600403, 0.6806600689888, 0.7346997261047363, 0.7487384676933289, 0.7335949540138245, 0.70854651927948, 0.7019277811050415, 0.7268633246421814, 0.7800734639167786, 0.7024668455123901, 0.9947358965873718, 0.6809965372085571, 0.7280575037002563, 0.6720432639122009, 0.6199285984039307, 0.6982938051223755, 0.6773813962936401, 0.7550498247146606], [0.5612075328826904, 0.6305012702941895, 0.6858485341072083, 0.6226802468299866, 0.6834177374839783, 0.7007805705070496, 0.604477047920227, 0.6483574509620667, 0.6376685500144958, 0.729228138923645, 0.6674472689628601, 0.6639513373374939, 0.6809965372085571, 1.0048575401306152, 0.6851568222045898, 0.6759628057479858, 0.5746927261352539, 0.6833666563034058, 0.6778926849365234, 0.6714678406715393], [0.5792752504348755, 0.7534913420677185, 0.7374827861785889, 0.7351850867271423, 0.7330776453018188, 0.7597015500068665, 0.796176016330719, 0.7295306324958801, 0.7241700887680054, 0.744228720664978, 0.775149941444397, 0.7318462133407593, 0.7280575037002563, 0.6851567029953003, 0.9983092546463013, 0.6469004154205322, 0.6437845230102539, 0.6872634291648865, 0.7815488576889038, 0.7494461536407471], [0.5134272575378418, 0.7570579051971436, 0.6901297569274902, 0.6756446957588196, 0.7773813605308533, 0.6918044686317444, 0.6865541934967041, 0.65069580078125, 0.6715328097343445, 0.6640444397926331, 0.7321613430976868, 0.6670718193054199, 0.6720432639122009, 0.6759628057479858, 0.6469004154205322, 1.0056363344192505, 0.5722599029541016, 0.6011723875999451, 0.6562855243682861, 0.6726011633872986], [0.6084652543067932, 0.5702933669090271, 0.6635920405387878, 0.5499830842018127, 0.5948209762573242, 0.6042172908782959, 0.6042615175247192, 0.6292687058448792, 0.609170138835907, 0.6038387417793274, 0.6217394471168518, 0.5710073709487915, 0.6199285984039307, 0.5746927261352539, 0.6437845230102539, 0.5722599029541016, 1.002967119216919, 0.6402425765991211, 0.5970242023468018, 0.6638051867485046], [0.6062481999397278, 0.6745612621307373, 0.7316541075706482, 0.664567768573761, 0.7075160145759583, 0.683239758014679, 0.6402202844619751, 0.6694085001945496, 0.681919515132904, 0.7572171092033386, 0.7147180438041687, 0.6624972224235535, 0.6982938051223755, 0.6833666563034058, 0.6872634291648865, 0.6011723875999451, 0.6402425765991211, 1.00344717502594, 0.625738799571991, 0.6916914582252502], [0.5502523183822632, 0.757362961769104, 0.6655334830284119, 0.6657916307449341, 0.7691452503204346, 0.6666014790534973, 0.7174996137619019, 0.7285263538360596, 0.6306564807891846, 0.6758430600166321, 0.6600753664970398, 0.6942713856697083, 0.6773813962936401, 0.6778926849365234, 0.7815487384796143, 0.6562855243682861, 0.5970242023468018, 0.625738799571991, 0.9933047890663147, 0.6671648621559143], [0.5661625266075134, 0.7083518505096436, 0.7931819558143616, 0.7580208778381348, 0.7246899604797363, 0.7012206315994263, 0.7651073932647705, 0.7288805246353149, 0.6815624237060547, 0.787399172782898, 0.7574396133422852, 0.6644365191459656, 0.7550498247146606, 0.6714678406715393, 0.7494461536407471, 0.6726011633872986, 0.6638051867485046, 0.6916914582252502, 0.6671648621559143, 1.005617618560791]]}
