{"idx": 0, "question": "Tell me a story in five sentences about a girl and her dog.", "score": [[0.9961591958999634, 0.9103124737739563, 0.7606159448623657, 0.89366614818573, 0.7558501958847046, 0.8243277668952942, 0.7411590814590454, 0.8387407660484314, 0.7962563037872314, 0.7246771454811096, 0.8620777726173401, 0.8323565125465393, 0.7751069068908691, 0.7638371586799622, 0.7395167946815491, 0.7582027912139893, 0.7280491590499878, 0.780653178691864, 0.8130754828453064, 0.7198908925056458], [0.9103124737739563, 1.0038009881973267, 0.778502345085144, 0.8981164693832397, 0.8242522478103638, 0.8206698894500732, 0.7582581043243408, 0.8547945022583008, 0.8149000406265259, 0.807782769203186, 0.8844575881958008, 0.8718075752258301, 0.7848280668258667, 0.8397071361541748, 0.8209265470504761, 0.834334671497345, 0.7528014779090881, 0.8240482211112976, 0.827666163444519, 0.8058000206947327], [0.7606159448623657, 0.778502345085144, 0.9976974129676819, 0.7063074707984924, 0.786954402923584, 0.7173945903778076, 0.7450845241546631, 0.8363812565803528, 0.8926008343696594, 0.8250961899757385, 0.7738534212112427, 0.7863200306892395, 0.7463594079017639, 0.8117492198944092, 0.8082672953605652, 0.8658820986747742, 0.7039005756378174, 0.7586787343025208, 0.750566840171814, 0.8462432622909546], [0.8936662077903748, 0.8981165289878845, 0.7063074707984924, 1.000149130821228, 0.8298035264015198, 0.8387137055397034, 0.7127071022987366, 0.8031395077705383, 0.75146484375, 0.7424794435501099, 0.824165403842926, 0.8293694257736206, 0.7644356489181519, 0.7598022222518921, 0.6954648494720459, 0.7518296837806702, 0.7814294099807739, 0.7741073369979858, 0.8070653080940247, 0.6968526840209961], [0.7558501958847046, 0.824252188205719, 0.786954402923584, 0.8298035264015198, 1.000030517578125, 0.7852258086204529, 0.70011305809021, 0.7798397541046143, 0.7825356721878052, 0.8048565983772278, 0.796394944190979, 0.7567971348762512, 0.7169983983039856, 0.8418912887573242, 0.7442164421081543, 0.8188067674636841, 0.7173967361450195, 0.722244381904602, 0.7484124302864075, 0.7709020972251892], [0.8243277668952942, 0.8206698894500732, 0.7173945903778076, 0.8387137055397034, 0.7852258086204529, 0.9932245016098022, 0.7156703472137451, 0.7529013752937317, 0.741773247718811, 0.6986212730407715, 0.7795423865318298, 0.8186907768249512, 0.7083888649940491, 0.7801507711410522, 0.7283146381378174, 0.7494699358940125, 0.741441011428833, 0.7256463766098022, 0.7812902331352234, 0.678566575050354], [0.7411590814590454, 0.7582581043243408, 0.7450845241546631, 0.7127071022987366, 0.70011305809021, 0.7156703472137451, 1.0067895650863647, 0.82784503698349, 0.8342387080192566, 0.8160317540168762, 0.7010939121246338, 0.8402756452560425, 0.7989999651908875, 0.7689729332923889, 0.7586142420768738, 0.8137117028236389, 0.7459931969642639, 0.7993373870849609, 0.8159626722335815, 0.7937980890274048], [0.8387407660484314, 0.8547945022583008, 0.8363812565803528, 0.8031395077705383, 0.7798397541046143, 0.7529013752937317, 0.82784503698349, 0.9968988299369812, 0.9128159284591675, 0.8669025897979736, 0.7735008001327515, 0.9030767679214478, 0.8510836362838745, 0.8501366972923279, 0.8706145286560059, 0.8745694756507874, 0.8201978206634521, 0.8973308205604553, 0.8666660785675049, 0.8520619869232178], [0.7962563037872314, 0.8149000406265259, 0.8926008343696594, 0.75146484375, 0.7825356721878052, 0.741773247718811, 0.8342387080192566, 0.9128159284591675, 1.00065279006958, 0.8844889402389526, 0.7644714713096619, 0.8520464897155762, 0.8078815340995789, 0.8290096521377563, 0.8671754598617554, 0.9167197942733765, 0.7504950761795044, 0.8535730838775635, 0.8279033899307251, 0.8970507383346558], [0.7246771454811096, 0.807782769203186, 0.8250962495803833, 0.7424795031547546, 0.8048565983772278, 0.6986212730407715, 0.8160317540168762, 0.8669025897979736, 0.8844889402389526, 1.0070081949234009, 0.7125481367111206, 0.8312267661094666, 0.8033878803253174, 0.8576202988624573, 0.8309730887413025, 0.9115241169929504, 0.7568866610527039, 0.8050554990768433, 0.7816705107688904, 0.9027041792869568], [0.8620777726173401, 0.8844575881958008, 0.7738534212112427, 0.824165403842926, 0.796394944190979, 0.7795423865318298, 0.7010939121246338, 0.7735008001327515, 0.7644714713096619, 0.7125481367111206, 0.9992567896842957, 0.7999444007873535, 0.741162896156311, 0.7346698045730591, 0.7097898721694946, 0.7411983609199524, 0.6678295731544495, 0.7222257256507874, 0.7534915804862976, 0.7261366248130798], [0.8323565125465393, 0.8718075752258301, 0.786320149898529, 0.8293695449829102, 0.7567971348762512, 0.8186907768249512, 0.8402756452560425, 0.9030767679214478, 0.8520464897155762, 0.8312267661094666, 0.7999444007873535, 0.998835027217865, 0.830130934715271, 0.8152633905410767, 0.839486300945282, 0.8594961762428284, 0.8006179332733154, 0.8701202869415283, 0.832862138748169, 0.8208392858505249], [0.7751069068908691, 0.7848280668258667, 0.7463594079017639, 0.7644356489181519, 0.7169983983039856, 0.7083888649940491, 0.7989999651908875, 0.8510836362838745, 0.8078815937042236, 0.8033878803253174, 0.741162896156311, 0.830130934715271, 1.0040658712387085, 0.7410846948623657, 0.7487736344337463, 0.7680560350418091, 0.8444356918334961, 0.8391942381858826, 0.8642134666442871, 0.7603340148925781], [0.7638371586799622, 0.83970707654953, 0.8117492198944092, 0.7598022222518921, 0.8418912887573242, 0.7801507711410522, 0.7689729332923889, 0.8501366972923279, 0.8290096521377563, 0.8576202988624573, 0.7346698045730591, 0.8152633905410767, 0.7410846948623657, 1.0052363872528076, 0.861409604549408, 0.8757158517837524, 0.7613455653190613, 0.774208128452301, 0.7848495841026306, 0.8279001116752625], [0.7395167946815491, 0.8209265470504761, 0.8082672953605652, 0.6954648494720459, 0.7442164421081543, 0.7283146381378174, 0.758614182472229, 0.8706145286560059, 0.8671754598617554, 0.8309730887413025, 0.7097898125648499, 0.839486300945282, 0.7487736344337463, 0.861409604549408, 0.9989081621170044, 0.8970640301704407, 0.7159274816513062, 0.8219196200370789, 0.7407112121582031, 0.8562124967575073], [0.7582027912139893, 0.834334671497345, 0.8658820986747742, 0.7518296241760254, 0.8188067674636841, 0.7494699358940125, 0.8137117028236389, 0.8745694756507874, 0.9167197942733765, 0.9115241169929504, 0.7411983609199524, 0.8594961762428284, 0.7680560350418091, 0.8757158517837524, 0.8970640301704407, 1.0071266889572144, 0.7561233639717102, 0.8206707239151001, 0.7853390574455261, 0.9225841760635376], [0.7280491590499878, 0.7528014779090881, 0.7039005756378174, 0.7814294099807739, 0.7173967361450195, 0.741441011428833, 0.7459931969642639, 0.8201978206634521, 0.7504950761795044, 0.7568866610527039, 0.6678295731544495, 0.8006179332733154, 0.8444356918334961, 0.7613455653190613, 0.7159274816513062, 0.7561233639717102, 1.0050625801086426, 0.7925868034362793, 0.8462565541267395, 0.7258697152137756], [0.780653178691864, 0.8240482211112976, 0.7586787343025208, 0.7741073369979858, 0.722244381904602, 0.7256463766098022, 0.7993373870849609, 0.8973308205604553, 0.8535730838775635, 0.8050554990768433, 0.7222257256507874, 0.8701202869415283, 0.8391942381858826, 0.774208128452301, 0.8219196200370789, 0.8206707239151001, 0.7925868034362793, 1.001002311706543, 0.8469439148902893, 0.7928625345230103], [0.8130754828453064, 0.827666163444519, 0.750566840171814, 0.8070653080940247, 0.7484124302864075, 0.7812902331352234, 0.8159626722335815, 0.8666660785675049, 0.8279033899307251, 0.7816705107688904, 0.7534915804862976, 0.832862138748169, 0.8642134070396423, 0.7848495841026306, 0.7407112121582031, 0.7853390574455261, 0.8462566137313843, 0.8469439148902893, 0.9970365762710571, 0.7562832236289978], [0.7198908925056458, 0.8058000206947327, 0.8462432622909546, 0.6968526840209961, 0.7709020972251892, 0.678566575050354, 0.7937980890274048, 0.8520619869232178, 0.8970507383346558, 0.9027041792869568, 0.7261366248130798, 0.8208392858505249, 0.7603340148925781, 0.8279001116752625, 0.8562124967575073, 0.9225841760635376, 0.7258697152137756, 0.7928625345230103, 0.7562832236289978, 1.0056349039077759]]}
{"idx": 1, "question": "Tell me a story in five sentences about a boy and his dog.", "score": [[1.0058605670928955, 0.7812574505805969, 0.8622856140136719, 0.7728010416030884, 0.7816445827484131, 0.782698392868042, 0.8743520379066467, 0.7714548110961914, 0.9263926148414612, 0.8229086995124817, 0.8640439510345459, 0.7777954936027527, 0.8164566159248352, 0.8010998368263245, 0.8181323409080505, 0.6694941520690918, 0.8420334458351135, 0.7948414087295532, 0.8118585348129272, 0.8118707537651062], [0.7812574505805969, 1.0020167827606201, 0.7236472964286804, 0.898401141166687, 0.9007428288459778, 0.9719875454902649, 0.7512454986572266, 0.9194329380989075, 0.7552238702774048, 0.8334206938743591, 0.8495774865150452, 0.7796769142150879, 0.854567289352417, 0.8581013679504395, 0.8599748611450195, 0.7244343161582947, 0.8810776472091675, 0.9019788503646851, 0.8984280228614807, 0.8648692965507507], [0.8622856140136719, 0.7236472964286804, 1.0059208869934082, 0.6714061498641968, 0.7415369749069214, 0.7346316576004028, 0.8670709133148193, 0.719706654548645, 0.8335391283035278, 0.7788038849830627, 0.7487040162086487, 0.7522737383842468, 0.8110237717628479, 0.8003166913986206, 0.7907401919364929, 0.6507557034492493, 0.7584226727485657, 0.7416168451309204, 0.7466447353363037, 0.7224074006080627], [0.7728010416030884, 0.898401141166687, 0.6714061498641968, 0.9997991323471069, 0.879327118396759, 0.8940887451171875, 0.7219537496566772, 0.8557581305503845, 0.7413321733474731, 0.7932660579681396, 0.839779257774353, 0.7688553333282471, 0.7947332859039307, 0.7959516644477844, 0.8283318877220154, 0.7082799077033997, 0.8527064323425293, 0.8634800910949707, 0.848000168800354, 0.8564289808273315], [0.7816446423530579, 0.9007428288459778, 0.7415369749069214, 0.879327118396759, 0.9992616772651672, 0.8911046385765076, 0.762980043888092, 0.9277378916740417, 0.7676969766616821, 0.7699822783470154, 0.8829944133758545, 0.7605044841766357, 0.8903658986091614, 0.893091082572937, 0.8611465692520142, 0.6658579707145691, 0.8714034557342529, 0.8794434070587158, 0.9283456206321716, 0.8157732486724854], [0.782698392868042, 0.9719875454902649, 0.7346316576004028, 0.8940887451171875, 0.8911046385765076, 0.995047390460968, 0.7554790377616882, 0.8879346251487732, 0.7515919804573059, 0.8491111397743225, 0.8352213501930237, 0.7996652126312256, 0.8357183337211609, 0.8505764603614807, 0.8556336760520935, 0.7357689738273621, 0.8957783579826355, 0.9151704907417297, 0.8926372528076172, 0.8495229482650757], [0.8743520379066467, 0.7512454986572266, 0.8670709133148193, 0.7219536900520325, 0.762980043888092, 0.7554790377616882, 0.9932391047477722, 0.7290781140327454, 0.8469613194465637, 0.7523566484451294, 0.7915866374969482, 0.7322932481765747, 0.8279718160629272, 0.8075114488601685, 0.7986904978752136, 0.6254824995994568, 0.798069179058075, 0.7313377857208252, 0.7800629734992981, 0.7609531283378601], [0.7714548110961914, 0.9194328188896179, 0.719706654548645, 0.8557581305503845, 0.9277378916740417, 0.8879346251487732, 0.7290781140327454, 0.9944034814834595, 0.7461372017860413, 0.7693467736244202, 0.8416029810905457, 0.7807680368423462, 0.8938562273979187, 0.892703652381897, 0.8813071846961975, 0.7095640897750854, 0.8646473288536072, 0.8707358241081238, 0.919142484664917, 0.8237563371658325], [0.9263926148414612, 0.7552237510681152, 0.8335391283035278, 0.7413321733474731, 0.7676969766616821, 0.7515919804573059, 0.8469613790512085, 0.746137261390686, 1.0036965608596802, 0.7838588953018188, 0.8551063537597656, 0.7396262884140015, 0.7947565317153931, 0.7815932035446167, 0.7904564142227173, 0.6407794952392578, 0.825918436050415, 0.7679659128189087, 0.8012753129005432, 0.7882441282272339], [0.8229086995124817, 0.8334206938743591, 0.7788038849830627, 0.7932660579681396, 0.7699822783470154, 0.8491111397743225, 0.7523566484451294, 0.7693467736244202, 0.7838588953018188, 1.0061482191085815, 0.8061099052429199, 0.8303155303001404, 0.7904501557350159, 0.7721206545829773, 0.8236891031265259, 0.7465903759002686, 0.8595706820487976, 0.8951451182365417, 0.7581464052200317, 0.8208062648773193], [0.8640439510345459, 0.8495774865150452, 0.7487040162086487, 0.839779257774353, 0.8829944133758545, 0.8352213501930237, 0.7915866374969482, 0.8416029810905457, 0.8551063537597656, 0.8061099052429199, 0.9949030876159668, 0.7505989074707031, 0.8470662236213684, 0.8510755896568298, 0.8015443682670593, 0.6368133425712585, 0.8939476013183594, 0.8266534209251404, 0.8596433401107788, 0.8417038917541504], [0.7777954936027527, 0.7796769142150879, 0.7522737383842468, 0.7688553333282471, 0.7605045437812805, 0.7996652126312256, 0.7322932481765747, 0.7807680368423462, 0.7396262884140015, 0.8303154706954956, 0.7505989074707031, 0.9941960573196411, 0.7706308364868164, 0.7622321248054504, 0.8517575860023499, 0.806113600730896, 0.8130709528923035, 0.8386154770851135, 0.7633628249168396, 0.7981167435646057], [0.8164566159248352, 0.854567289352417, 0.8110237717628479, 0.7947332859039307, 0.8903658986091614, 0.8357182741165161, 0.8279718160629272, 0.8938562273979187, 0.7947565317153931, 0.7904501557350159, 0.8470662236213684, 0.7706308364868164, 1.0010874271392822, 0.9743718504905701, 0.8579576015472412, 0.6857903003692627, 0.8566825985908508, 0.8257125020027161, 0.8815188407897949, 0.7964332699775696], [0.8010998368263245, 0.8581013679504395, 0.8003166913986206, 0.7959516644477844, 0.893091082572937, 0.8505764603614807, 0.8075114488601685, 0.892703652381897, 0.7815932035446167, 0.7721206545829773, 0.8510755896568298, 0.7622321248054504, 0.9743718504905701, 1.0053462982177734, 0.8540105223655701, 0.6689184904098511, 0.8534034490585327, 0.8158338665962219, 0.9014298915863037, 0.7915821671485901], [0.8181323409080505, 0.85997474193573, 0.7907401919364929, 0.8283317685127258, 0.8611465692520142, 0.8556336164474487, 0.7986904978752136, 0.8813071846961975, 0.7904564142227173, 0.8236891031265259, 0.8015443682670593, 0.8517576456069946, 0.8579576015472412, 0.8540105819702148, 0.9978905320167542, 0.7798405885696411, 0.8557687997817993, 0.8746805191040039, 0.8738601803779602, 0.8421774506568909], [0.6694941520690918, 0.7244343161582947, 0.6507557034492493, 0.7082799673080444, 0.6658579707145691, 0.7357689738273621, 0.6254824995994568, 0.7095640897750854, 0.6407794952392578, 0.7465903759002686, 0.6368133425712585, 0.806113600730896, 0.6857903003692627, 0.6689184904098511, 0.7798405885696411, 1.0010261535644531, 0.7249739766120911, 0.779811680316925, 0.6725583672523499, 0.7344009280204773], [0.8420334458351135, 0.8810776472091675, 0.7584226727485657, 0.8527064323425293, 0.8714034557342529, 0.8957783579826355, 0.798069179058075, 0.8646473288536072, 0.825918436050415, 0.8595706224441528, 0.8939476013183594, 0.8130709528923035, 0.8566825985908508, 0.8534034490585327, 0.8557687997817993, 0.7249739766120911, 1.0053035020828247, 0.8758053183555603, 0.8675047755241394, 0.8650810122489929], [0.7948414087295532, 0.9019788503646851, 0.7416168451309204, 0.8634800314903259, 0.8794434070587158, 0.9151704907417297, 0.7313377857208252, 0.8707358241081238, 0.7679659128189087, 0.8951451182365417, 0.8266534209251404, 0.8386154770851135, 0.8257125020027161, 0.8158338665962219, 0.8746805191040039, 0.779811680316925, 0.8758053183555603, 1.0057882070541382, 0.8656752705574036, 0.8460854291915894], [0.8118585348129272, 0.8984281420707703, 0.7466447353363037, 0.848000168800354, 0.9283456206321716, 0.8926372528076172, 0.7800629734992981, 0.919142484664917, 0.8012753129005432, 0.7581464052200317, 0.8596433401107788, 0.7633628249168396, 0.8815188407897949, 0.9014298915863037, 0.8738601803779602, 0.6725583672523499, 0.8675047755241394, 0.8656752705574036, 1.000493049621582, 0.8198277354240417], [0.8118707537651062, 0.8648692965507507, 0.7224074006080627, 0.8564289808273315, 0.8157732486724854, 0.8495229482650757, 0.7609530687332153, 0.8237563371658325, 0.7882442474365234, 0.8208062648773193, 0.8417038917541504, 0.7981167435646057, 0.7964332699775696, 0.7915821671485901, 0.8421774506568909, 0.7344009280204773, 0.8650810122489929, 0.8460853695869446, 0.8198277354240417, 1.0037548542022705]]}
{"idx": 2, "question": "Tell me the plot line in 5 sentences for a romcom movie set in rural Kansas for Easter.", "score": [[1.0017286539077759, 0.8766285181045532, 0.8782109618186951, 0.7912536859512329, 0.8766602277755737, 0.8565545082092285, 0.8190503120422363, 0.8502062559127808, 0.8775809407234192, 0.8045336008071899, 0.818426787853241, 0.7797222137451172, 0.8787171244621277, 0.8467503786087036, 0.8723081350326538, 0.8509419560432434, 0.8393015265464783, 0.8825458288192749, 0.8948906064033508, 0.8504449129104614], [0.8766285181045532, 0.9957826137542725, 0.8585649728775024, 0.8094108700752258, 0.8842582702636719, 0.8586747646331787, 0.8586016893386841, 0.8532807230949402, 0.8827017545700073, 0.8242926597595215, 0.8056492805480957, 0.810325026512146, 0.8827503323554993, 0.8143989443778992, 0.8778615593910217, 0.8331212997436523, 0.8091245889663696, 0.8790397644042969, 0.8800656199455261, 0.8363969326019287], [0.8782110214233398, 0.8585649728775024, 1.0045878887176514, 0.7853476405143738, 0.8795900940895081, 0.8645292520523071, 0.8407113552093506, 0.8357536196708679, 0.8477808833122253, 0.7782289385795593, 0.822623610496521, 0.7384588718414307, 0.8616782426834106, 0.8780262470245361, 0.851551353931427, 0.8288594484329224, 0.8500112295150757, 0.9067060351371765, 0.9201564788818359, 0.9065963625907898], [0.7912536859512329, 0.8094108700752258, 0.7853476405143738, 1.0035192966461182, 0.7782906889915466, 0.8514434695243835, 0.8188705444335938, 0.8157034516334534, 0.8077656626701355, 0.7498458027839661, 0.7988568544387817, 0.7147164344787598, 0.8090558052062988, 0.8375224471092224, 0.8007930517196655, 0.7835354208946228, 0.8179020881652832, 0.7891201376914978, 0.7851760387420654, 0.8227750062942505], [0.8766601085662842, 0.8842582702636719, 0.8795900940895081, 0.7782906889915466, 1.0049010515213013, 0.8480131030082703, 0.8503321409225464, 0.867407500743866, 0.9071835279464722, 0.8233944177627563, 0.8091949224472046, 0.7958276867866516, 0.891485333442688, 0.8166220188140869, 0.8723343014717102, 0.8561808466911316, 0.8264954090118408, 0.8867949843406677, 0.8946382403373718, 0.8467322587966919], [0.8565545082092285, 0.8586747646331787, 0.8645292520523071, 0.8514434695243835, 0.8480131030082703, 0.9976006746292114, 0.8393338918685913, 0.8559235334396362, 0.8801317811012268, 0.7443318367004395, 0.8258181810379028, 0.7241353392601013, 0.8658852577209473, 0.8629750609397888, 0.8598536252975464, 0.7840529680252075, 0.8320283889770508, 0.8637104630470276, 0.8406780958175659, 0.8747918605804443], [0.8190503120422363, 0.8586016893386841, 0.8407113552093506, 0.8188705444335938, 0.8503321409225464, 0.8393338918685913, 1.001152515411377, 0.8172215223312378, 0.8570727705955505, 0.8055514693260193, 0.8097167015075684, 0.742161750793457, 0.8457391858100891, 0.8528062105178833, 0.8285744190216064, 0.8356326222419739, 0.8485798239707947, 0.8682944178581238, 0.8501965999603271, 0.8604528307914734], [0.8502062559127808, 0.8532806038856506, 0.8357536196708679, 0.8157034516334534, 0.867407500743866, 0.8559235334396362, 0.8172215223312378, 0.9927961230278015, 0.8433178067207336, 0.7660554051399231, 0.8054333925247192, 0.7442525029182434, 0.8449370861053467, 0.8214986324310303, 0.8458681106567383, 0.8238272666931152, 0.833474338054657, 0.8289456963539124, 0.8400295972824097, 0.8304979801177979], [0.8775809407234192, 0.8827017545700073, 0.8477808833122253, 0.8077656626701355, 0.9071835279464722, 0.8801317811012268, 0.857072651386261, 0.8433178067207336, 1.0043280124664307, 0.7986432313919067, 0.8203181028366089, 0.7741613388061523, 0.8777881264686584, 0.8247158527374268, 0.8874096274375916, 0.8221103549003601, 0.8541706800460815, 0.870249330997467, 0.8368768095970154, 0.833720326423645], [0.8045336008071899, 0.8242926597595215, 0.7782289385795593, 0.7498458027839661, 0.8233944177627563, 0.7443318367004395, 0.8055514693260193, 0.7660554051399231, 0.7986432909965515, 1.0057401657104492, 0.7623146176338196, 0.8722243905067444, 0.8204420804977417, 0.7457858324050903, 0.7708709836006165, 0.7837675213813782, 0.7792046070098877, 0.7645505666732788, 0.808757483959198, 0.7498669624328613], [0.818426787853241, 0.8056492805480957, 0.822623610496521, 0.7988568544387817, 0.8091949224472046, 0.8258181810379028, 0.8097167015075684, 0.8054333925247192, 0.8203181028366089, 0.7623146176338196, 1.0066171884536743, 0.7454864978790283, 0.8598085045814514, 0.7980798482894897, 0.8005198240280151, 0.8407782912254333, 0.8617827296257019, 0.7946411371231079, 0.8102589249610901, 0.8257014751434326], [0.7797222137451172, 0.810325026512146, 0.7384588718414307, 0.7147164344787598, 0.7958276867866516, 0.7241353392601013, 0.742161750793457, 0.7442525029182434, 0.7741613388061523, 0.8722243905067444, 0.7454864978790283, 1.0010645389556885, 0.7756909132003784, 0.7009626030921936, 0.7598916888237, 0.7414252758026123, 0.750504195690155, 0.7180831432342529, 0.786734938621521, 0.7015472650527954], [0.8787171244621277, 0.8827503323554993, 0.8616782426834106, 0.8090558052062988, 0.891485333442688, 0.8658852577209473, 0.8457391858100891, 0.8449370861053467, 0.8777881264686584, 0.8204420804977417, 0.8598085045814514, 0.7756909132003784, 1.0048558712005615, 0.8137627243995667, 0.8757538199424744, 0.8369482159614563, 0.8322091698646545, 0.87886643409729, 0.8592517971992493, 0.8586231470108032], [0.8467503786087036, 0.8143989443778992, 0.8780262470245361, 0.8375224471092224, 0.8166220188140869, 0.8629750609397888, 0.8528062105178833, 0.821498692035675, 0.8247158527374268, 0.7457858324050903, 0.7980798482894897, 0.7009626030921936, 0.8137627243995667, 1.0030436515808105, 0.8303354978561401, 0.8046166300773621, 0.8566657304763794, 0.85052490234375, 0.8589398264884949, 0.8945441246032715], [0.8723081350326538, 0.8778615593910217, 0.851551353931427, 0.8007930517196655, 0.8723343014717102, 0.8598536252975464, 0.8285744190216064, 0.8458681106567383, 0.8874096274375916, 0.7708709836006165, 0.8005198240280151, 0.7598916888237, 0.8757538199424744, 0.8303354978561401, 1.0018655061721802, 0.8060792088508606, 0.7830075621604919, 0.8818227648735046, 0.8609236478805542, 0.8399437665939331], [0.8509419560432434, 0.8331212997436523, 0.8288594484329224, 0.7835354208946228, 0.8561808466911316, 0.7840529680252075, 0.8356326222419739, 0.8238272666931152, 0.8221103549003601, 0.7837675213813782, 0.8407782912254333, 0.7414252758026123, 0.8369482159614563, 0.8046166300773621, 0.8060792088508606, 1.000213384628296, 0.8490750789642334, 0.8200640082359314, 0.8416081070899963, 0.8294086456298828], [0.8393015265464783, 0.8091245889663696, 0.8500112295150757, 0.8179020881652832, 0.8264954090118408, 0.8320283889770508, 0.8485798239707947, 0.833474338054657, 0.8541706800460815, 0.7792047262191772, 0.8617827296257019, 0.750504195690155, 0.8322091698646545, 0.8566657304763794, 0.7830075621604919, 0.8490750789642334, 0.994368314743042, 0.800297737121582, 0.8402032256126404, 0.8716095089912415], [0.8825458288192749, 0.8790397644042969, 0.9067060351371765, 0.789120078086853, 0.8867949843406677, 0.8637104630470276, 0.8682944178581238, 0.8289456963539124, 0.870249330997467, 0.7645505666732788, 0.7946411371231079, 0.7180831432342529, 0.87886643409729, 0.85052490234375, 0.8818227648735046, 0.8200640082359314, 0.800297737121582, 1.0026276111602783, 0.8969465494155884, 0.8995802998542786], [0.8948906064033508, 0.8800656199455261, 0.9201564788818359, 0.7851760387420654, 0.8946382403373718, 0.8406780958175659, 0.8501965999603271, 0.8400295972824097, 0.8368768095970154, 0.808757483959198, 0.8102589249610901, 0.786734938621521, 0.8592517971992493, 0.8589398264884949, 0.8609236478805542, 0.8416081070899963, 0.8402032256126404, 0.8969465494155884, 1.0011943578720093, 0.8877145051956177], [0.8504449129104614, 0.8363970518112183, 0.9065963625907898, 0.8227750658988953, 0.8467322587966919, 0.8747917413711548, 0.8604528307914734, 0.8304979801177979, 0.8337204456329346, 0.7498669624328613, 0.8257014751434326, 0.7015472054481506, 0.8586231470108032, 0.8945441246032715, 0.8399437665939331, 0.8294086456298828, 0.8716095089912415, 0.8995802998542786, 0.8877145051956177, 0.999687135219574]]}
{"idx": 3, "question": "Write a haiku about a whale and a walnut tree.", "score": [[0.9951332807540894, 0.7057420015335083, 0.7694764137268066, 0.7965752482414246, 0.8477131724357605, 0.7670056223869324, 0.7470144033432007, 0.8073771595954895, 0.7593729496002197, 0.7464901208877563, 0.8762787580490112, 0.8038389086723328, 0.805711030960083, 0.7153100371360779, 0.7680239677429199, 0.7899754047393799, 0.8228893876075745, 0.7621787786483765], [0.7057420015335083, 0.9991762042045593, 0.756966233253479, 0.7816442251205444, 0.8040120601654053, 0.7224970459938049, 0.7512431740760803, 0.7821880578994751, 0.7995622158050537, 0.7659502625465393, 0.7336447834968567, 0.7940003871917725, 0.7956267595291138, 0.7486991286277771, 0.7655356526374817, 0.7800607085227966, 0.760678231716156, 0.7177003026008606], [0.7694764137268066, 0.756966233253479, 0.9961547255516052, 0.84539395570755, 0.8799723386764526, 0.7549562454223633, 0.8412777185440063, 0.7939270734786987, 0.9256700277328491, 0.9104562401771545, 0.8144872784614563, 0.8199113011360168, 0.8649801015853882, 0.7698033452033997, 0.8809323310852051, 0.8697217702865601, 0.9030667543411255, 0.8513022661209106], [0.7965752482414246, 0.7816442251205444, 0.84539395570755, 1.004428505897522, 0.9160814881324768, 0.87864089012146, 0.8477742671966553, 0.7912535667419434, 0.8451639413833618, 0.867461085319519, 0.8418000936508179, 0.8905602693557739, 0.8424601554870605, 0.8834717869758606, 0.8959528207778931, 0.8489867448806763, 0.902685284614563, 0.8695286512374878], [0.8477131724357605, 0.8040120601654053, 0.8799723386764526, 0.9160814881324768, 0.9969421029090881, 0.8394560813903809, 0.8655078411102295, 0.8406737446784973, 0.8826779127120972, 0.8808600306510925, 0.8800610899925232, 0.9083428978919983, 0.8969654440879822, 0.8356974720954895, 0.927868127822876, 0.8935452103614807, 0.9322611093521118, 0.8418788909912109], [0.7670056223869324, 0.7224971652030945, 0.7549562454223633, 0.87864089012146, 0.8394560813903809, 1.0069841146469116, 0.8011658191680908, 0.7309256792068481, 0.7513755559921265, 0.7516997456550598, 0.7796042561531067, 0.8296229243278503, 0.767804741859436, 0.8381190299987793, 0.8400879502296448, 0.8008978366851807, 0.780722439289093, 0.8190613985061646], [0.7470144033432007, 0.7512431740760803, 0.8412777185440063, 0.8477742671966553, 0.8655078411102295, 0.8011658191680908, 0.9962233901023865, 0.7859079241752625, 0.8611404895782471, 0.8232041597366333, 0.8205336332321167, 0.8403335213661194, 0.8373857736587524, 0.7697628736495972, 0.8484176993370056, 0.8737627863883972, 0.8488515019416809, 0.8261309862136841], [0.8073771595954895, 0.7821880578994751, 0.7939270734786987, 0.7912535667419434, 0.8406736850738525, 0.7309256792068481, 0.7859079241752625, 1.0004408359527588, 0.814046323299408, 0.7688291072845459, 0.8101899027824402, 0.8107885718345642, 0.8742679357528687, 0.7348333597183228, 0.7792253494262695, 0.8171900510787964, 0.8204097151756287, 0.73772132396698], [0.7593729496002197, 0.7995622158050537, 0.9256700277328491, 0.8451639413833618, 0.8826779127120972, 0.7513755559921265, 0.8611406087875366, 0.814046323299408, 1.0063724517822266, 0.9166621565818787, 0.8122679591178894, 0.8463170528411865, 0.8732705116271973, 0.7940052151679993, 0.8631270527839661, 0.9029643535614014, 0.8919611573219299, 0.8396866321563721], [0.7464901208877563, 0.7659502625465393, 0.9104562401771545, 0.867461085319519, 0.8808600306510925, 0.7516997456550598, 0.8232041001319885, 0.7688291072845459, 0.9166621565818787, 1.0009455680847168, 0.7840575575828552, 0.8048315644264221, 0.8319628834724426, 0.7719791531562805, 0.8961503505706787, 0.886824369430542, 0.9214519262313843, 0.8614795804023743], [0.8762787580490112, 0.7336447834968567, 0.8144872784614563, 0.8418000936508179, 0.8800610899925232, 0.7796042561531067, 0.8205336332321167, 0.8101898431777954, 0.8122679591178894, 0.7840575575828552, 1.002420425415039, 0.8593566417694092, 0.8457716703414917, 0.7896470427513123, 0.820527195930481, 0.8169530630111694, 0.877515971660614, 0.7824973464012146], [0.8038389086723328, 0.7940004467964172, 0.8199113011360168, 0.8905602693557739, 0.9083428382873535, 0.8296229243278503, 0.8403335213661194, 0.8107885718345642, 0.8463170528411865, 0.8048315644264221, 0.8593566417694092, 0.9987043738365173, 0.8618248701095581, 0.8452710509300232, 0.841989278793335, 0.8301637172698975, 0.8558676838874817, 0.7680162787437439], [0.805711030960083, 0.7956267595291138, 0.8649801015853882, 0.8424601554870605, 0.8969654440879822, 0.767804741859436, 0.8373858332633972, 0.8742679357528687, 0.8732705116271973, 0.8319628834724426, 0.8457716703414917, 0.8618248701095581, 1.0053014755249023, 0.7804999351501465, 0.8320732712745667, 0.8686505556106567, 0.8808625936508179, 0.8051714897155762], [0.7153100371360779, 0.7486991286277771, 0.7698033452033997, 0.8834717869758606, 0.8356974720954895, 0.8381190299987793, 0.7697628736495972, 0.7348334789276123, 0.7940052151679993, 0.7719791531562805, 0.7896470427513123, 0.8452710509300232, 0.7804999351501465, 0.9948206543922424, 0.8160945177078247, 0.7658703923225403, 0.8058361411094666, 0.7866027355194092], [0.7680239677429199, 0.7655356526374817, 0.8809323310852051, 0.8959528207778931, 0.927868127822876, 0.8400879502296448, 0.8484176993370056, 0.7792253494262695, 0.8631270527839661, 0.8961503505706787, 0.820527195930481, 0.841989278793335, 0.8320733904838562, 0.8160945177078247, 1.0046508312225342, 0.8782846331596375, 0.9130874276161194, 0.8553303480148315], [0.7899754047393799, 0.7800607085227966, 0.8697217702865601, 0.8489867448806763, 0.8935452103614807, 0.8008978366851807, 0.8737627863883972, 0.8171899914741516, 0.9029643535614014, 0.886824369430542, 0.8169530630111694, 0.8301637172698975, 0.8686505556106567, 0.7658703923225403, 0.8782846331596375, 1.0017971992492676, 0.8863987922668457, 0.8515801429748535], [0.8228893876075745, 0.7606781721115112, 0.9030666947364807, 0.902685284614563, 0.9322611093521118, 0.7807225584983826, 0.8488515019416809, 0.8204097151756287, 0.8919610977172852, 0.9214518666267395, 0.877515971660614, 0.8558676242828369, 0.8808625936508179, 0.8058361411094666, 0.9130874872207642, 0.8863989114761353, 1.0021485090255737, 0.8731443881988525], [0.7621787786483765, 0.7177003026008606, 0.8513022065162659, 0.8695287108421326, 0.8418787717819214, 0.8190613985061646, 0.8261311054229736, 0.73772132396698, 0.8396866321563721, 0.8614795804023743, 0.7824972867965698, 0.7680162191390991, 0.8051714897155762, 0.7866026759147644, 0.8553304076194763, 0.8515801429748535, 0.8731443881988525, 0.9948486089706421]]}
{"idx": 4, "question": "Write a short love poem with 4 lines.", "score": [[0.9965091347694397, 0.689604640007019, 0.6748307943344116, 0.6682859659194946, 0.6685118079185486, 0.7442219257354736, 0.7055766582489014, 0.7008427381515503, 0.7136393189430237, 0.6893530488014221, 0.6313000917434692, 0.6656646132469177, 0.7081895470619202, 0.593433141708374, 0.640852689743042, 0.8050662875175476, 0.7324066162109375, 0.6373470425605774], [0.689604640007019, 0.9996293187141418, 0.6148765087127686, 0.7030966877937317, 0.6321196556091309, 0.6300811767578125, 0.6365341544151306, 0.7605894207954407, 0.6313536167144775, 0.6210833191871643, 0.5390624403953552, 0.6615293025970459, 0.7082861065864563, 0.6789684891700745, 0.6796765327453613, 0.6938127875328064, 0.6503294706344604, 0.7159320712089539], [0.6748307943344116, 0.6148765087127686, 0.9974956512451172, 0.7090193629264832, 0.7011129856109619, 0.7747117280960083, 0.7451115250587463, 0.7309373617172241, 0.7843095064163208, 0.8433581590652466, 0.6397446990013123, 0.6907395124435425, 0.7476223707199097, 0.5925270915031433, 0.6153826713562012, 0.746346116065979, 0.7815915942192078, 0.6642485857009888], [0.6682859063148499, 0.7030966877937317, 0.7090193629264832, 0.999592125415802, 0.6723014116287231, 0.7220334410667419, 0.7432140111923218, 0.8155888915061951, 0.762559175491333, 0.7267892956733704, 0.6015509963035583, 0.7777491807937622, 0.7765464186668396, 0.6328768134117126, 0.7558804154396057, 0.7586871385574341, 0.7823052406311035, 0.7717272043228149], [0.6685118079185486, 0.6321197152137756, 0.7011129260063171, 0.6723014116287231, 1.0037083625793457, 0.703468382358551, 0.6847153902053833, 0.6703987717628479, 0.7389413714408875, 0.7736043930053711, 0.6666382551193237, 0.6701993346214294, 0.7094531059265137, 0.5620641112327576, 0.6389923095703125, 0.6869135499000549, 0.7397247552871704, 0.6833939552307129], [0.7442219257354736, 0.6300811767578125, 0.7747117280960083, 0.7220334410667419, 0.703468382358551, 1.0076266527175903, 0.787644624710083, 0.7524233460426331, 0.9129448533058167, 0.8548890948295593, 0.6685253381729126, 0.6903942227363586, 0.7583223581314087, 0.6292755007743835, 0.6830049157142639, 0.8239527344703674, 0.7849326133728027, 0.716924786567688], [0.7055766582489014, 0.6365341544151306, 0.7451114654541016, 0.7432140111923218, 0.6847153902053833, 0.787644624710083, 1.003556489944458, 0.7433149814605713, 0.7812058925628662, 0.7490423917770386, 0.6259657144546509, 0.646022617816925, 0.7506003379821777, 0.615053653717041, 0.6259461641311646, 0.7721821069717407, 0.7496010065078735, 0.6647109389305115], [0.7008427381515503, 0.7605894207954407, 0.7309373617172241, 0.8155887722969055, 0.6703987717628479, 0.7524234056472778, 0.7433149814605713, 1.0047513246536255, 0.7400130033493042, 0.7457384467124939, 0.6277422904968262, 0.7203842401504517, 0.8296406865119934, 0.6826019883155823, 0.7546276450157166, 0.8019903302192688, 0.7895240783691406, 0.7626897692680359], [0.7136393189430237, 0.6313536167144775, 0.7843095064163208, 0.762559175491333, 0.7389413714408875, 0.9129447937011719, 0.7812058925628662, 0.7400130033493042, 1.0043132305145264, 0.8847231864929199, 0.652802586555481, 0.7432844042778015, 0.7764908075332642, 0.5730381011962891, 0.6759964227676392, 0.8205827474594116, 0.833219051361084, 0.7448057532310486], [0.6893530488014221, 0.6210833191871643, 0.8433581590652466, 0.7267892956733704, 0.7736043930053711, 0.8548890948295593, 0.7490423917770386, 0.7457383871078491, 0.8847231864929199, 1.0033910274505615, 0.6817345023155212, 0.7137418389320374, 0.7447813749313354, 0.5833544135093689, 0.6471692323684692, 0.7704476118087769, 0.8033778667449951, 0.7181186676025391], [0.6313000917434692, 0.5390624403953552, 0.6397446990013123, 0.6015509963035583, 0.6666382551193237, 0.6685253381729126, 0.6259657144546509, 0.6277422904968262, 0.652802586555481, 0.6817345023155212, 0.9946523904800415, 0.5403724908828735, 0.6222128868103027, 0.5269745588302612, 0.5480204224586487, 0.6383752822875977, 0.6439601182937622, 0.5496249198913574], [0.6656646132469177, 0.6615293025970459, 0.6907395124435425, 0.7777491807937622, 0.6701993346214294, 0.6903942227363586, 0.646022617816925, 0.7203842997550964, 0.7432844042778015, 0.7137418389320374, 0.5403724908828735, 0.998252272605896, 0.7025330066680908, 0.6110938191413879, 0.6818113923072815, 0.7311437129974365, 0.7673481106758118, 0.7953843474388123], [0.7081894874572754, 0.7082861065864563, 0.7476223707199097, 0.7765464186668396, 0.7094531059265137, 0.7583223581314087, 0.7506003379821777, 0.8296406269073486, 0.7764908075332642, 0.7447813749313354, 0.6222128868103027, 0.7025330066680908, 1.0040613412857056, 0.6522383689880371, 0.7474753856658936, 0.8077874183654785, 0.7769288420677185, 0.7334467172622681], [0.593433141708374, 0.6789684891700745, 0.5925270915031433, 0.6328768134117126, 0.5620641112327576, 0.6292755007743835, 0.615053653717041, 0.6826019883155823, 0.5730381011962891, 0.5833544135093689, 0.5269745588302612, 0.6110938191413879, 0.6522383689880371, 0.9929894804954529, 0.6273676156997681, 0.6266775727272034, 0.6066055297851562, 0.6711797118186951], [0.640852689743042, 0.6796765327453613, 0.6153826713562012, 0.7558804154396057, 0.6389923095703125, 0.6830049157142639, 0.6259461641311646, 0.7546277046203613, 0.6759964227676392, 0.6471692323684692, 0.5480203628540039, 0.6818113923072815, 0.7474753856658936, 0.6273676156997681, 1.0008869171142578, 0.7428337335586548, 0.7004896998405457, 0.7774943709373474], [0.8050662875175476, 0.6938127875328064, 0.746346116065979, 0.7586871385574341, 0.6869135499000549, 0.8239527344703674, 0.7721821069717407, 0.8019903302192688, 0.8205827474594116, 0.7704476118087769, 0.6383752822875977, 0.7311438322067261, 0.8077874183654785, 0.6266775727272034, 0.7428337335586548, 0.9925869107246399, 0.8581661581993103, 0.7378619909286499], [0.7324066162109375, 0.6503295302391052, 0.7815915942192078, 0.7823052406311035, 0.7397247552871704, 0.7849326133728027, 0.7496011257171631, 0.7895239591598511, 0.833219051361084, 0.8033778667449951, 0.6439600586891174, 0.767348051071167, 0.7769287824630737, 0.6066055297851562, 0.7004896402359009, 0.8581661581993103, 1.005547046661377, 0.7432976365089417], [0.6373471021652222, 0.7159320712089539, 0.6642487049102783, 0.7717271447181702, 0.6833939552307129, 0.716924786567688, 0.6647109389305115, 0.7626897096633911, 0.744805634021759, 0.7181185483932495, 0.5496249794960022, 0.7953843474388123, 0.7334467172622681, 0.6711796522140503, 0.7774943709373474, 0.7378618717193604, 0.7432977557182312, 0.9989891052246094]]}
