{"idx": 0, "question": "Tell me a story in five sentences about a girl and her dog.", "score": [[1.0006860494613647, 0.8382843732833862, 0.826747715473175, 0.6848904490470886, 0.8051725029945374, 0.8651705980300903, 0.7738692164421082, 0.7602750658988953, 0.8281159400939941, 0.8943204283714294, 0.8995521068572998, 0.8009194731712341, 0.8062635064125061, 0.8743383288383484, 0.8948209881782532, 0.7832330465316772, 0.7636460661888123, 0.8607529997825623, 0.829368531703949, 0.827582597732544], [0.8382843732833862, 0.9961246252059937, 0.8731743693351746, 0.7494924664497375, 0.72607421875, 0.7997266054153442, 0.7823348045349121, 0.8334838151931763, 0.8325782418251038, 0.842582106590271, 0.8902902007102966, 0.8325604796409607, 0.8096007108688354, 0.8678561449050903, 0.7893497347831726, 0.8108774423599243, 0.7677891850471497, 0.8333027362823486, 0.8586122989654541, 0.8137879967689514], [0.826747715473175, 0.8731743693351746, 1.003986120223999, 0.8206334114074707, 0.7437763214111328, 0.8147087097167969, 0.8857654333114624, 0.8901137113571167, 0.9179528951644897, 0.9014068245887756, 0.8576720356941223, 0.8802585601806641, 0.8782795667648315, 0.8373486399650574, 0.8306968808174133, 0.7932376265525818, 0.7851306200027466, 0.8519605398178101, 0.9071971774101257, 0.8938702344894409], [0.6848903894424438, 0.7494924664497375, 0.8206334114074707, 0.9993455410003662, 0.6190042495727539, 0.6603721976280212, 0.8439088463783264, 0.8417394161224365, 0.7732787728309631, 0.7506800889968872, 0.7188532948493958, 0.8628692030906677, 0.7981516718864441, 0.7156670689582825, 0.6630673408508301, 0.7103063464164734, 0.7438425421714783, 0.8149466514587402, 0.8201971650123596, 0.7053301930427551], [0.8051725029945374, 0.72607421875, 0.7437763214111328, 0.6190042495727539, 0.9972910284996033, 0.8993473052978516, 0.6782864332199097, 0.680881679058075, 0.7463098764419556, 0.8066640496253967, 0.7396422028541565, 0.7022032737731934, 0.7511166930198669, 0.810279905796051, 0.8518699407577515, 0.6893794536590576, 0.7075204849243164, 0.7212783694267273, 0.6870697140693665, 0.8363763093948364], [0.8651705980300903, 0.7997266054153442, 0.8147087097167969, 0.6603721976280212, 0.8993473052978516, 0.9968106746673584, 0.7287296056747437, 0.7417191863059998, 0.8037277460098267, 0.8901194334030151, 0.7996635437011719, 0.7633733153343201, 0.7738511562347412, 0.8482745885848999, 0.8922128677368164, 0.7573218941688538, 0.7285296320915222, 0.7789614796638489, 0.7543752789497375, 0.8805822134017944], [0.7738692164421082, 0.7823348045349121, 0.8857654333114624, 0.8439088463783264, 0.6782864332199097, 0.7287296056747437, 1.0047571659088135, 0.8649595379829407, 0.8839324116706848, 0.8152255415916443, 0.7817838788032532, 0.8857697248458862, 0.8943201303482056, 0.7859601974487305, 0.8016380667686462, 0.7199147343635559, 0.7889320850372314, 0.8763512969017029, 0.8956753611564636, 0.8314551115036011], [0.7602750658988953, 0.8334838151931763, 0.8901137113571167, 0.8417394161224365, 0.680881679058075, 0.7417191863059998, 0.8649594783782959, 1.0038752555847168, 0.8794182538986206, 0.8088241815567017, 0.8051345348358154, 0.8924575448036194, 0.8293151259422302, 0.7982139587402344, 0.7422608733177185, 0.7736822366714478, 0.7904453277587891, 0.8604567646980286, 0.8780086040496826, 0.8062665462493896], [0.8281159400939941, 0.8325782418251038, 0.9179528951644897, 0.7732787728309631, 0.7463098764419556, 0.8037277460098267, 0.8839324116706848, 0.8794182538986206, 0.9970767498016357, 0.8688163757324219, 0.8462594151496887, 0.8328694105148315, 0.8626634478569031, 0.8172271251678467, 0.8579800128936768, 0.7927796244621277, 0.7819681763648987, 0.854634702205658, 0.8666589260101318, 0.9112110733985901], [0.8943204879760742, 0.842582106590271, 0.9014068245887756, 0.7506800889968872, 0.8066640496253967, 0.8901194334030151, 0.8152255415916443, 0.8088241219520569, 0.8688163757324219, 1.0070010423660278, 0.8504505753517151, 0.8288726210594177, 0.8195653557777405, 0.8205365538597107, 0.9006485342979431, 0.7923038005828857, 0.7558057308197021, 0.83669114112854, 0.8309490084648132, 0.8671967387199402], [0.8995521068572998, 0.8902902007102966, 0.8576720356941223, 0.7188532948493958, 0.7396422028541565, 0.7996635437011719, 0.7817838788032532, 0.8051345348358154, 0.8462594151496887, 0.8504506349563599, 1.0027073621749878, 0.8341911435127258, 0.8371167778968811, 0.8672792911529541, 0.8201256990432739, 0.8233538269996643, 0.786848247051239, 0.8511645197868347, 0.862466037273407, 0.8164410591125488], [0.8009194731712341, 0.8325604796409607, 0.8802585601806641, 0.8628692030906677, 0.7022032737731934, 0.7633733153343201, 0.8857697248458862, 0.8924575448036194, 0.8328694105148315, 0.8288726210594177, 0.8341911435127258, 1.0032697916030884, 0.849084734916687, 0.8151037693023682, 0.7546013593673706, 0.7374403476715088, 0.7870051860809326, 0.8697763085365295, 0.8950492143630981, 0.7702164053916931], [0.8062635064125061, 0.8096007108688354, 0.8782795667648315, 0.7981516718864441, 0.7511166930198669, 0.7738511562347412, 0.8943201303482056, 0.8293151259422302, 0.8626633882522583, 0.8195653557777405, 0.8371167778968811, 0.849084734916687, 0.999451220035553, 0.826228678226471, 0.8041507005691528, 0.7473483681678772, 0.8002134561538696, 0.8545551300048828, 0.8715243935585022, 0.8437460064888], [0.8743383288383484, 0.8678561449050903, 0.8373486399650574, 0.7156670689582825, 0.810279905796051, 0.8482745885848999, 0.7859601974487305, 0.7982139587402344, 0.8172271251678467, 0.8205365538597107, 0.8672792911529541, 0.8151037693023682, 0.826228678226471, 1.005515456199646, 0.8325340747833252, 0.8221964240074158, 0.8005265593528748, 0.8566365242004395, 0.8456903696060181, 0.8486132621765137], [0.8948209881782532, 0.7893497347831726, 0.8306968808174133, 0.6630673408508301, 0.8518699407577515, 0.8922128677368164, 0.8016380667686462, 0.742260754108429, 0.8579800128936768, 0.9006485342979431, 0.8201256990432739, 0.7546013593673706, 0.8041507005691528, 0.8325340747833252, 0.9971945285797119, 0.7684497237205505, 0.7379275560379028, 0.8047808408737183, 0.7834470272064209, 0.9155340194702148], [0.7832330465316772, 0.8108774423599243, 0.7932376265525818, 0.7103063464164734, 0.6893794536590576, 0.7573218941688538, 0.7199147343635559, 0.7736822366714478, 0.7927796244621277, 0.7923038005828857, 0.8233538269996643, 0.7374403476715088, 0.7473483681678772, 0.8221964240074158, 0.7684497237205505, 1.0018712282180786, 0.7535699605941772, 0.7965783476829529, 0.7464766502380371, 0.797434389591217], [0.7636460661888123, 0.7677891850471497, 0.7851306200027466, 0.7438425421714783, 0.7075204849243164, 0.7285296320915222, 0.7889320850372314, 0.7904453277587891, 0.7819681763648987, 0.7558057308197021, 0.786848247051239, 0.7870051860809326, 0.8002134561538696, 0.8005265593528748, 0.7379275560379028, 0.7535699605941772, 0.9991140365600586, 0.7918025255203247, 0.7664770483970642, 0.7353010177612305], [0.8607529997825623, 0.8333027362823486, 0.8519605398178101, 0.8149466514587402, 0.7212783694267273, 0.7789614796638489, 0.8763512969017029, 0.8604567646980286, 0.854634702205658, 0.8366910219192505, 0.8511645197868347, 0.8697763085365295, 0.8545551300048828, 0.8566365242004395, 0.804780900478363, 0.7965783476829529, 0.7918025255203247, 1.003998041152954, 0.8950440287590027, 0.828740656375885], [0.829368531703949, 0.8586122989654541, 0.9071971774101257, 0.8201971650123596, 0.6870697140693665, 0.7543752789497375, 0.8956753611564636, 0.8780086040496826, 0.8666589260101318, 0.8309490084648132, 0.862466037273407, 0.8950492143630981, 0.8715243935585022, 0.8456903696060181, 0.7834470272064209, 0.7464766502380371, 0.7664770483970642, 0.8950440287590027, 0.9990115761756897, 0.8164728283882141], [0.827582597732544, 0.8137879967689514, 0.8938703536987305, 0.7053301930427551, 0.8363763093948364, 0.8805822134017944, 0.8314551115036011, 0.8062665462493896, 0.9112110733985901, 0.8671967387199402, 0.8164410591125488, 0.7702164053916931, 0.8437460064888, 0.8486132621765137, 0.9155340194702148, 0.797434389591217, 0.7353010177612305, 0.8287407159805298, 0.8164728283882141, 1.004520297050476]]}
{"idx": 1, "question": "Tell me a story in five sentences about a boy and his dog.", "score": [[1.0004405975341797, 0.8442366123199463, 0.716937780380249, 0.783316969871521, 0.8918892741203308, 0.713449239730835, 0.7580258250236511, 0.8295881748199463, 0.8125780820846558, 0.7933518886566162, 0.7674523591995239, 0.7494020462036133, 0.8825744390487671, 0.8541139364242554, 0.8745588660240173, 0.78337562084198, 0.8592531681060791, 0.79872065782547, 0.7983988523483276, 0.7955973148345947], [0.8442366123199463, 1.0068941116333008, 0.6415154933929443, 0.7015737295150757, 0.872593879699707, 0.7740393877029419, 0.7884897589683533, 0.7826537489891052, 0.7617349028587341, 0.8004435300827026, 0.7376888990402222, 0.7289832234382629, 0.8228210210800171, 0.8678497076034546, 0.8015831708908081, 0.7253323793411255, 0.8370333313941956, 0.7363503575325012, 0.7051241993904114, 0.811039388179779], [0.7169378399848938, 0.6415154933929443, 1.0060027837753296, 0.8015133142471313, 0.7219527363777161, 0.6286868453025818, 0.7176129817962646, 0.8057429790496826, 0.8701648712158203, 0.837500274181366, 0.843644380569458, 0.7774545550346375, 0.7307718396186829, 0.7471042275428772, 0.7324146628379822, 0.6464536190032959, 0.7352110147476196, 0.7836769819259644, 0.8628811240196228, 0.800745964050293], [0.783316969871521, 0.7015737295150757, 0.8015133142471313, 1.000195860862732, 0.7995331287384033, 0.7171464562416077, 0.730709969997406, 0.8226180672645569, 0.8356157541275024, 0.793726921081543, 0.7675914764404297, 0.8270325660705566, 0.8098880052566528, 0.8119105100631714, 0.8428142070770264, 0.8044589161872864, 0.8664420247077942, 0.8574824333190918, 0.8181838393211365, 0.8014498949050903], [0.891889214515686, 0.872593879699707, 0.7219527363777161, 0.7995330095291138, 1.0053271055221558, 0.7970485091209412, 0.7890544533729553, 0.8228718638420105, 0.8139482140541077, 0.7903164625167847, 0.7725989818572998, 0.8070924878120422, 0.9114079475402832, 0.9021800756454468, 0.8994623422622681, 0.8223198652267456, 0.9018011689186096, 0.8530946969985962, 0.7699898481369019, 0.8003522157669067], [0.713449239730835, 0.7740393877029419, 0.6286868453025818, 0.7171464562416077, 0.7970485091209412, 0.9971811771392822, 0.8369975090026855, 0.7509576678276062, 0.7031809687614441, 0.7759115099906921, 0.6847162842750549, 0.652036190032959, 0.7238729000091553, 0.77998286485672, 0.7062365412712097, 0.6487169861793518, 0.7735614776611328, 0.7310335040092468, 0.6825225949287415, 0.7726098895072937], [0.7580258250236511, 0.7884897589683533, 0.7176129817962646, 0.730709969997406, 0.7890544533729553, 0.8369975090026855, 0.9952710866928101, 0.7691854238510132, 0.7920704483985901, 0.8305405974388123, 0.7768220901489258, 0.7106320858001709, 0.734778881072998, 0.7795343399047852, 0.7432075142860413, 0.676375150680542, 0.770025372505188, 0.7607870697975159, 0.7554395198822021, 0.8374671339988708], [0.8295881748199463, 0.7826537489891052, 0.8057429790496826, 0.8226180672645569, 0.8228718638420105, 0.7509576678276062, 0.7691854238510132, 0.9982097744941711, 0.8447772860527039, 0.8546174764633179, 0.8348323702812195, 0.8481065630912781, 0.8205261826515198, 0.8594311475753784, 0.8200513124465942, 0.7585980296134949, 0.8662512302398682, 0.8171750903129578, 0.8510570526123047, 0.8583651781082153], [0.8125780820846558, 0.7617349028587341, 0.8701648712158203, 0.8356157541275024, 0.8139482736587524, 0.7031810283660889, 0.7920705080032349, 0.8447772264480591, 1.0059524774551392, 0.8994224071502686, 0.901631236076355, 0.8261393308639526, 0.8331804275512695, 0.8078235983848572, 0.8282888531684875, 0.7667295336723328, 0.8259878754615784, 0.9031650424003601, 0.9097488522529602, 0.8953530192375183], [0.7933518886566162, 0.8004435300827026, 0.837500274181366, 0.793726921081543, 0.7903164625167847, 0.7759115099906921, 0.8305407166481018, 0.8546174764633179, 0.8994224071502686, 0.9938513040542603, 0.872011661529541, 0.7681410312652588, 0.7667148113250732, 0.802757978439331, 0.7672496438026428, 0.6669624447822571, 0.7958786487579346, 0.8188501596450806, 0.8800779581069946, 0.923488438129425], [0.7674523591995239, 0.7376888990402222, 0.843644380569458, 0.7675914764404297, 0.7725989818572998, 0.6847162842750549, 0.7768220901489258, 0.8348323702812195, 0.901631236076355, 0.872011661529541, 1.0030544996261597, 0.7895680069923401, 0.7717660665512085, 0.7810097336769104, 0.768921434879303, 0.6834994554519653, 0.7869460582733154, 0.8335134983062744, 0.8831395506858826, 0.8657634854316711], [0.7494020462036133, 0.7289832234382629, 0.7774545550346375, 0.8270325660705566, 0.8070924878120422, 0.652036190032959, 0.7106320858001709, 0.8481065630912781, 0.8261393308639526, 0.7681410312652588, 0.7895680069923401, 0.9959989786148071, 0.8434305787086487, 0.8552079200744629, 0.8658149242401123, 0.8124207854270935, 0.8700715899467468, 0.8380630612373352, 0.7731276750564575, 0.7861631512641907], [0.8825744390487671, 0.8228210210800171, 0.7307718396186829, 0.8098880648612976, 0.9114079475402832, 0.7238729000091553, 0.734778881072998, 0.8205261826515198, 0.8331804275512695, 0.7667148113250732, 0.7717660665512085, 0.8434305787086487, 0.9948738217353821, 0.9219295382499695, 0.9510582089424133, 0.8712875247001648, 0.9122758507728577, 0.8478744029998779, 0.7923591136932373, 0.7595874667167664], [0.8541139364242554, 0.867849588394165, 0.7471042275428772, 0.8119105100631714, 0.9021800756454468, 0.77998286485672, 0.7795343399047852, 0.8594310879707336, 0.8078235983848572, 0.802757978439331, 0.7810097336769104, 0.8552079200744629, 0.9219295382499695, 1.0075665712356567, 0.91354900598526, 0.8073433041572571, 0.9161241054534912, 0.8235856890678406, 0.7717199921607971, 0.8139726519584656], [0.8745588660240173, 0.8015831708908081, 0.7324146628379822, 0.8428142070770264, 0.8994623422622681, 0.7062365412712097, 0.7432075142860413, 0.8200513124465942, 0.8282888531684875, 0.7672496438026428, 0.768921434879303, 0.8658149242401123, 0.9510581493377686, 0.9135489463806152, 1.0021679401397705, 0.8769939541816711, 0.8966789245605469, 0.8537243008613586, 0.7978619933128357, 0.7909729480743408], [0.78337562084198, 0.7253323793411255, 0.6464536190032959, 0.8044588565826416, 0.8223198652267456, 0.6487169861793518, 0.676375150680542, 0.7585980296134949, 0.7667295336723328, 0.6669624447822571, 0.6834994554519653, 0.8124207854270935, 0.8712875247001648, 0.8073433041572571, 0.8769938945770264, 1.0047523975372314, 0.8490266799926758, 0.8315088152885437, 0.7076669931411743, 0.6994975209236145], [0.8592531681060791, 0.8370333313941956, 0.7352110147476196, 0.8664420247077942, 0.9018011689186096, 0.7735614776611328, 0.770025372505188, 0.8662512302398682, 0.8259878754615784, 0.7958786487579346, 0.7869460582733154, 0.8700715899467468, 0.9122758507728577, 0.9161241054534912, 0.8966789245605469, 0.8490266799926758, 0.9955582022666931, 0.8518807291984558, 0.7882717847824097, 0.7989444732666016], [0.79872065782547, 0.7363503575325012, 0.7836769819259644, 0.8574824333190918, 0.8530948162078857, 0.7310335040092468, 0.7607870697975159, 0.8171750903129578, 0.9031650424003601, 0.8188501596450806, 0.8335134983062744, 0.8380630612373352, 0.8478744029998779, 0.8235856890678406, 0.8537243604660034, 0.8315088152885437, 0.8518807291984558, 0.9954846501350403, 0.8387992978096008, 0.8340967893600464], [0.7983988523483276, 0.7051241993904114, 0.8628811240196228, 0.8181838393211365, 0.7699898481369019, 0.6825225353240967, 0.7554395198822021, 0.8510570526123047, 0.9097488522529602, 0.8800779581069946, 0.8831395506858826, 0.7731276750564575, 0.7923591136932373, 0.7717199921607971, 0.7978619933128357, 0.7076669931411743, 0.7882717847824097, 0.8387992978096008, 0.9982733726501465, 0.8637253046035767], [0.7955973148345947, 0.8110392689704895, 0.800745964050293, 0.8014498949050903, 0.8003522157669067, 0.7726098299026489, 0.8374671339988708, 0.8583651781082153, 0.8953530192375183, 0.923488438129425, 0.8657634854316711, 0.7861631512641907, 0.7595874667167664, 0.8139726519584656, 0.7909729480743408, 0.6994975209236145, 0.798944354057312, 0.8340967893600464, 0.8637253046035767, 1.003072738647461]]}
{"idx": 2, "question": "Tell me the plot line in 5 sentences for a romcom movie set in rural Kansas for Easter.", "score": [[1.0015466213226318, 0.7678158283233643, 0.8406301736831665, 0.8294838070869446, 0.7199758887290955, 0.7683165669441223, 0.7774392366409302, 0.751897394657135, 0.7143877744674683, 0.8015477061271667, 0.7239734530448914, 0.7503190636634827, 0.8174631595611572, 0.8620790839195251, 0.6993051171302795, 0.8358164429664612, 0.7627794146537781, 0.7227149605751038, 0.7691053748130798, 0.8026633262634277], [0.7678158283233643, 0.9987912774085999, 0.8150272369384766, 0.7923837304115295, 0.8329542875289917, 0.877345085144043, 0.8558892011642456, 0.8129022121429443, 0.82027268409729, 0.8444384336471558, 0.8526185750961304, 0.8429698944091797, 0.8044598698616028, 0.7533735036849976, 0.836695671081543, 0.7638395428657532, 0.8692696690559387, 0.846711277961731, 0.8807839155197144, 0.8708810210227966], [0.8406301736831665, 0.8150272369384766, 0.9996896982192993, 0.8523011803627014, 0.7638834714889526, 0.8074825406074524, 0.844014048576355, 0.7710564136505127, 0.7252646684646606, 0.8495279550552368, 0.8324518203735352, 0.845412015914917, 0.8606060147285461, 0.905055820941925, 0.7530272006988525, 0.8688235282897949, 0.8359956741333008, 0.78475022315979, 0.8367018103599548, 0.8220160007476807], [0.8294838070869446, 0.7923837304115295, 0.8523011803627014, 1.0039763450622559, 0.7453783750534058, 0.8224406838417053, 0.8079715967178345, 0.7909814119338989, 0.731772243976593, 0.8267607092857361, 0.7532755136489868, 0.7577701210975647, 0.8289515376091003, 0.8404917120933533, 0.7375075221061707, 0.8507627248764038, 0.8198938369750977, 0.7906137704849243, 0.7694298624992371, 0.8052092790603638], [0.719976007938385, 0.8329542875289917, 0.7638834714889526, 0.745378315448761, 1.0015084743499756, 0.8792999982833862, 0.8800817728042603, 0.8083033561706543, 0.8219417333602905, 0.8667629361152649, 0.8492335081100464, 0.8910202980041504, 0.7130410075187683, 0.7433452010154724, 0.8957732319831848, 0.7136635184288025, 0.863257646560669, 0.8162431716918945, 0.9096869826316833, 0.834149956703186], [0.7683165669441223, 0.877345085144043, 0.8074825406074524, 0.8224406838417053, 0.8792999982833862, 0.9962935447692871, 0.9060410857200623, 0.8462018370628357, 0.7900314927101135, 0.8708450198173523, 0.8640307188034058, 0.8727765679359436, 0.7378932237625122, 0.7789562344551086, 0.8332641124725342, 0.766212522983551, 0.8415316939353943, 0.8576934933662415, 0.8956542611122131, 0.8737691640853882], [0.7774392366409302, 0.8558892011642456, 0.844014048576355, 0.8079716563224792, 0.8800817131996155, 0.9060410857200623, 1.0017880201339722, 0.83162522315979, 0.7894895076751709, 0.8677096366882324, 0.876698911190033, 0.885291576385498, 0.7708704471588135, 0.818294107913971, 0.8454695343971252, 0.7808876633644104, 0.8596203327178955, 0.8434634804725647, 0.9191643595695496, 0.8638898730278015], [0.751897394657135, 0.8129022121429443, 0.7710564136505127, 0.7909814119338989, 0.8083033561706543, 0.8462018370628357, 0.83162522315979, 0.9963134527206421, 0.8146780133247375, 0.866582989692688, 0.7933061718940735, 0.7742273807525635, 0.7330924272537231, 0.7801409959793091, 0.8143391609191895, 0.7897607088088989, 0.8352949619293213, 0.8645245432853699, 0.8347312808036804, 0.8248336911201477], [0.7143877744674683, 0.82027268409729, 0.7252646684646606, 0.731772243976593, 0.8219417333602905, 0.7900314927101135, 0.7894895672798157, 0.8146780133247375, 1.0016381740570068, 0.8258588314056396, 0.7582070231437683, 0.7570730447769165, 0.7529475688934326, 0.7199941277503967, 0.8476336002349854, 0.7183613777160645, 0.8162229061126709, 0.8014307618141174, 0.8133664727210999, 0.7968109250068665], [0.8015477061271667, 0.8444384336471558, 0.8495279550552368, 0.8267607092857361, 0.8667629361152649, 0.8708450198173523, 0.8677096366882324, 0.866582989692688, 0.8258588314056396, 0.9979562759399414, 0.8452901244163513, 0.8651776313781738, 0.7946203947067261, 0.8280138969421387, 0.8406535983085632, 0.8089133501052856, 0.8711348176002502, 0.8434653282165527, 0.8772345781326294, 0.88212651014328], [0.7239734530448914, 0.8526185750961304, 0.8324518203735352, 0.7532755136489868, 0.8492335081100464, 0.8640307188034058, 0.876698911190033, 0.7933061718940735, 0.7582070231437683, 0.8452901840209961, 0.9962924122810364, 0.8999121189117432, 0.7643104791641235, 0.8043106198310852, 0.8107437491416931, 0.7593294978141785, 0.8786101937294006, 0.8140817880630493, 0.9040915966033936, 0.8837982416152954], [0.7503190636634827, 0.8429698944091797, 0.845412015914917, 0.7577701210975647, 0.8910202980041504, 0.8727765679359436, 0.885291576385498, 0.7742273807525635, 0.7570730447769165, 0.8651776313781738, 0.8999121189117432, 1.002518892288208, 0.7573927640914917, 0.7845253348350525, 0.8301234841346741, 0.7704156637191772, 0.8455777168273926, 0.8248565196990967, 0.9185340404510498, 0.8537361025810242], [0.817463219165802, 0.8044598698616028, 0.8606060147285461, 0.8289515376091003, 0.7130410075187683, 0.7378932237625122, 0.7708704471588135, 0.7330924272537231, 0.7529475688934326, 0.7946203947067261, 0.7643104791641235, 0.7573927640914917, 0.9975137710571289, 0.8284316062927246, 0.7386378645896912, 0.8229654431343079, 0.7990024089813232, 0.7528030872344971, 0.758954644203186, 0.8034265041351318], [0.8620790839195251, 0.7533735036849976, 0.905055820941925, 0.8404917120933533, 0.7433452010154724, 0.7789562344551086, 0.818294107913971, 0.7801409959793091, 0.7199941277503967, 0.8280138969421387, 0.8043106198310852, 0.7845253348350525, 0.8284316062927246, 0.9975992441177368, 0.7252631783485413, 0.8521047830581665, 0.8215817213058472, 0.748799204826355, 0.7926769256591797, 0.8090592622756958], [0.6993051171302795, 0.8366955518722534, 0.7530272006988525, 0.7375075221061707, 0.8957732319831848, 0.8332641124725342, 0.8454695343971252, 0.8143391609191895, 0.8476336002349854, 0.8406535983085632, 0.8107437491416931, 0.8301234841346741, 0.7386377453804016, 0.7252631783485413, 0.9941321611404419, 0.7438287734985352, 0.8655471801757812, 0.8531302809715271, 0.8781185746192932, 0.7948352098464966], [0.8358164429664612, 0.7638395428657532, 0.8688235282897949, 0.8507627248764038, 0.7136635780334473, 0.766212522983551, 0.7808876633644104, 0.7897607088088989, 0.7183613777160645, 0.8089133501052856, 0.7593294978141785, 0.7704156637191772, 0.8229654431343079, 0.8521047830581665, 0.7438287734985352, 0.9988008141517639, 0.7805110812187195, 0.7643852233886719, 0.767175018787384, 0.779391884803772], [0.7627794146537781, 0.8692696690559387, 0.8359956741333008, 0.8198938369750977, 0.863257646560669, 0.8415316939353943, 0.8596203327178955, 0.8352949619293213, 0.8162229061126709, 0.8711347579956055, 0.8786101937294006, 0.8455777168273926, 0.7990024089813232, 0.8215817213058472, 0.8655471801757812, 0.7805110812187195, 0.99693763256073, 0.8342966437339783, 0.8964563012123108, 0.8599728941917419], [0.7227149605751038, 0.846711277961731, 0.78475022315979, 0.7906137704849243, 0.8162431716918945, 0.8576934933662415, 0.8434634804725647, 0.8645245432853699, 0.8014307618141174, 0.8434653282165527, 0.8140817880630493, 0.8248565196990967, 0.7528030872344971, 0.748799204826355, 0.8531302809715271, 0.7643852233886719, 0.8342966437339783, 0.9982594847679138, 0.8526975512504578, 0.8122825026512146], [0.7691053748130798, 0.8807839155197144, 0.8367018103599548, 0.7694298624992371, 0.9096870422363281, 0.8956543207168579, 0.9191643595695496, 0.8347312808036804, 0.8133664727210999, 0.8772345781326294, 0.9040915966033936, 0.9185340404510498, 0.758954644203186, 0.7926769256591797, 0.8781185746192932, 0.767175018787384, 0.8964563012123108, 0.8526975512504578, 1.0047072172164917, 0.8705175518989563], [0.8026633262634277, 0.8708810210227966, 0.8220160603523254, 0.8052092790603638, 0.834149956703186, 0.8737691640853882, 0.8638898730278015, 0.8248336911201477, 0.7968109250068665, 0.88212651014328, 0.8837982416152954, 0.8537361025810242, 0.8034265041351318, 0.8090592622756958, 0.7948352098464966, 0.779391884803772, 0.8599728345870972, 0.8122825026512146, 0.8705175518989563, 0.9930132031440735]]}
{"idx": 3, "question": "Write a haiku about a whale and a walnut tree.", "score": [[1.0015393495559692, 0.8153573274612427, 0.8310613036155701, 0.788181483745575, 0.8256183862686157, 0.76418536901474, 0.7945339679718018, 0.7540518045425415, 0.8558911681175232, 0.8103134036064148, 0.8500041365623474, 0.8391352891921997, 0.7132610082626343, 0.8087059855461121, 0.8200909495353699, 0.8309450149536133, 0.8438466787338257, 0.7486990094184875, 0.74039626121521, 0.8087286949157715], [0.8153573274612427, 1.0023685693740845, 0.857413113117218, 0.8871090412139893, 0.9150491952896118, 0.88526451587677, 0.9282418489456177, 0.8605952262878418, 0.9263264536857605, 0.8640204668045044, 0.8955890536308289, 0.8926247358322144, 0.8209812045097351, 0.9134377837181091, 0.8985432386398315, 0.9278212785720825, 0.8776674270629883, 0.9008712768554688, 0.8881224393844604, 0.9151448011398315], [0.8310613036155701, 0.857413113117218, 0.9989664554595947, 0.8373210430145264, 0.9046278595924377, 0.82872474193573, 0.8700758814811707, 0.8508584499359131, 0.8948355913162231, 0.8926191329956055, 0.8835846185684204, 0.9056816101074219, 0.8263145685195923, 0.8993841409683228, 0.8848660588264465, 0.8504257798194885, 0.9221421480178833, 0.803662896156311, 0.8441352844238281, 0.8774475455284119], [0.788181483745575, 0.8871089816093445, 0.8373210430145264, 1.0009828805923462, 0.9081223607063293, 0.9026250243186951, 0.859871506690979, 0.9131649136543274, 0.8711506128311157, 0.901993989944458, 0.8918430209159851, 0.9129109382629395, 0.875784158706665, 0.9040161371231079, 0.8834530115127563, 0.8811644315719604, 0.8742815256118774, 0.8814157247543335, 0.8823995590209961, 0.9058790802955627], [0.8256182670593262, 0.9150492548942566, 0.9046279788017273, 0.9081223607063293, 0.9939188957214355, 0.8902314305305481, 0.9177137613296509, 0.9177445769309998, 0.9087545871734619, 0.9583420157432556, 0.9066275954246521, 0.9331834316253662, 0.9045505523681641, 0.9428709149360657, 0.9096719026565552, 0.8943060636520386, 0.9022279381752014, 0.8879370093345642, 0.8866035342216492, 0.9127760529518127], [0.76418536901474, 0.88526451587677, 0.82872474193573, 0.9026250839233398, 0.8902314305305481, 0.9970217347145081, 0.8529409766197205, 0.8877877593040466, 0.8561302423477173, 0.8536697626113892, 0.8877137303352356, 0.8744393587112427, 0.8548415899276733, 0.870159387588501, 0.8509891629219055, 0.8794746398925781, 0.8469724655151367, 0.847659707069397, 0.8870388865470886, 0.8714156150817871], [0.7945339679718018, 0.9282418489456177, 0.8700759410858154, 0.859871506690979, 0.9177137017250061, 0.8529409766197205, 0.9995715618133545, 0.8278239369392395, 0.8945732712745667, 0.8699695467948914, 0.9069614410400391, 0.8971532583236694, 0.7911434173583984, 0.9048700928688049, 0.9346416592597961, 0.9039831757545471, 0.8583019971847534, 0.8526549339294434, 0.8274747729301453, 0.9456615447998047], [0.7540518045425415, 0.8605953454971313, 0.8508584499359131, 0.9131649136543274, 0.917744517326355, 0.8877877593040466, 0.8278239369392395, 0.9962047934532166, 0.8392195701599121, 0.912041187286377, 0.8690779209136963, 0.8530153036117554, 0.9541033506393433, 0.8914095163345337, 0.8326115012168884, 0.8286823630332947, 0.8493790626525879, 0.8716927170753479, 0.9019253253936768, 0.8509542346000671], [0.8558911681175232, 0.9263264536857605, 0.8948355913162231, 0.8711506128311157, 0.9087545871734619, 0.8561302423477173, 0.8945732712745667, 0.8392195701599121, 1.0017176866531372, 0.8686431050300598, 0.8682080507278442, 0.8852988481521606, 0.8093002438545227, 0.8935166597366333, 0.8846638202667236, 0.8888419270515442, 0.9058520793914795, 0.857545793056488, 0.8345907926559448, 0.8882974982261658], [0.8103134036064148, 0.8640204668045044, 0.8926191329956055, 0.901993989944458, 0.9583420157432556, 0.8536697030067444, 0.8699695467948914, 0.912041187286377, 0.8686431050300598, 1.0063034296035767, 0.896302342414856, 0.9170522689819336, 0.8948900699615479, 0.9420731067657471, 0.8993245363235474, 0.8428630828857422, 0.8846137523651123, 0.8330329060554504, 0.8666404485702515, 0.8973758220672607], [0.8500041365623474, 0.8955890536308289, 0.8835846185684204, 0.8918429613113403, 0.9066275954246521, 0.8877137303352356, 0.9069614410400391, 0.8690779209136963, 0.8682080507278442, 0.896302342414856, 1.0062083005905151, 0.9010170698165894, 0.8284446001052856, 0.9096051454544067, 0.9114729166030884, 0.887917697429657, 0.8832652568817139, 0.8348135352134705, 0.8646401762962341, 0.9278068542480469], [0.8391352891921997, 0.8926247358322144, 0.9056816101074219, 0.9129109382629395, 0.9331834316253662, 0.8744393587112427, 0.8971532583236694, 0.8530153036117554, 0.8852988481521606, 0.9170522689819336, 0.9010170698165894, 1.004981517791748, 0.8165793418884277, 0.9215509295463562, 0.9209898114204407, 0.9246476888656616, 0.9112256169319153, 0.8366823792457581, 0.8465840220451355, 0.9256751537322998], [0.7132610082626343, 0.8209812045097351, 0.8263145685195923, 0.875784158706665, 0.9045505523681641, 0.8548415899276733, 0.7911434769630432, 0.9541033506393433, 0.8093002438545227, 0.8948900699615479, 0.8284446001052856, 0.8165793418884277, 0.9976141452789307, 0.8502650856971741, 0.7834559082984924, 0.7725049257278442, 0.8122092485427856, 0.8513174057006836, 0.8707829713821411, 0.8046701550483704], [0.8087060451507568, 0.9134377837181091, 0.8993841409683228, 0.9040161371231079, 0.9428709149360657, 0.8701592683792114, 0.9048700928688049, 0.8914095163345337, 0.8935166597366333, 0.9420731067657471, 0.9096051454544067, 0.9215509295463562, 0.8502650856971741, 1.0040497779846191, 0.9142171740531921, 0.8873735666275024, 0.8948864340782166, 0.867241382598877, 0.8837829828262329, 0.9221451282501221], [0.8200909495353699, 0.8985432386398315, 0.8848660588264465, 0.8834530115127563, 0.9096719026565552, 0.8509891629219055, 0.9346417188644409, 0.8326115012168884, 0.8846638202667236, 0.8993245363235474, 0.9114729166030884, 0.9209898114204407, 0.7834559082984924, 0.9142171144485474, 1.000102162361145, 0.8891726732254028, 0.878546953201294, 0.8311970829963684, 0.8344653844833374, 0.9662411212921143], [0.8309450149536133, 0.9278212785720825, 0.8504257798194885, 0.8811643123626709, 0.8943060636520386, 0.8794746398925781, 0.9039831757545471, 0.8286824226379395, 0.8888419270515442, 0.8428630828857422, 0.887917697429657, 0.9246476888656616, 0.7725049257278442, 0.8873735666275024, 0.8891726732254028, 1.002842903137207, 0.868539571762085, 0.8689776659011841, 0.8483566045761108, 0.9041202068328857], [0.8438466787338257, 0.8776674270629883, 0.9221421480178833, 0.8742815256118774, 0.9022279381752014, 0.8469724655151367, 0.8583019971847534, 0.8493790626525879, 0.9058520793914795, 0.8846137523651123, 0.8832652568817139, 0.9112256169319153, 0.8122092485427856, 0.8948864936828613, 0.8785470724105835, 0.868539571762085, 0.993772566318512, 0.8475823402404785, 0.8455127477645874, 0.8741040229797363], [0.7486990690231323, 0.9008712768554688, 0.803662896156311, 0.8814157247543335, 0.887937068939209, 0.8476595878601074, 0.8526549339294434, 0.8716927170753479, 0.8575457334518433, 0.8330327868461609, 0.8348135352134705, 0.8366823792457581, 0.8513174057006836, 0.867241382598877, 0.8311970829963684, 0.8689776659011841, 0.8475823402404785, 1.0082992315292358, 0.8912491798400879, 0.8605765700340271], [0.74039626121521, 0.8881224393844604, 0.8441352844238281, 0.8823995590209961, 0.8866035342216492, 0.8870388865470886, 0.8274747729301453, 0.9019253253936768, 0.8345907926559448, 0.8666404485702515, 0.8646401762962341, 0.8465840220451355, 0.8707829713821411, 0.8837829828262329, 0.8344653844833374, 0.8483566045761108, 0.8455127477645874, 0.8912491798400879, 1.000132441520691, 0.8572739362716675], [0.8087287545204163, 0.9151448011398315, 0.8774475455284119, 0.9058790802955627, 0.9127760529518127, 0.8714156150817871, 0.9456615447998047, 0.8509542346000671, 0.8882974982261658, 0.8973758220672607, 0.9278068542480469, 0.9256751537322998, 0.8046701550483704, 0.9221451282501221, 0.9662411212921143, 0.9041202068328857, 0.8741040229797363, 0.8605765700340271, 0.8572739362716675, 1.003220558166504]]}
