{"idx": 0, "question": "Tell me a story in five sentences about a girl and her dog.", "score": [[0.9990423321723938, 0.7432907819747925, 0.721499502658844, 0.8418565392494202, 0.6949381828308105, 0.7147711515426636, 0.7270494699478149, 0.7983113527297974, 0.7380943298339844, 0.7380662560462952, 0.8090015649795532, 0.7351531982421875, 0.7672502994537354, 0.7739815711975098, 0.7444577217102051, 0.6388577818870544, 0.7735902070999146, 0.7166756987571716, 0.7012201547622681, 0.7161728739738464], [0.7432907819747925, 0.9997702240943909, 0.8024789690971375, 0.7838534712791443, 0.7727208733558655, 0.8916563391685486, 0.8202483057975769, 0.77792888879776, 0.8350498676300049, 0.7982048988342285, 0.7315454483032227, 0.7965152859687805, 0.8019180297851562, 0.7612716555595398, 0.7385178208351135, 0.915630578994751, 0.7659642696380615, 0.8371709585189819, 0.7406488656997681, 0.788009762763977], [0.721499502658844, 0.8024789690971375, 1.0005664825439453, 0.7077083587646484, 0.7997251152992249, 0.7807894945144653, 0.8177783489227295, 0.7748233079910278, 0.8270743489265442, 0.8382906317710876, 0.6718201637268066, 0.8549118638038635, 0.8404093980789185, 0.7309533357620239, 0.6928548216819763, 0.7658584713935852, 0.6780217289924622, 0.7180647850036621, 0.6707167029380798, 0.8229586482048035], [0.8418564796447754, 0.7838534712791443, 0.7077084183692932, 1.0051419734954834, 0.6958989500999451, 0.7737053036689758, 0.7425554990768433, 0.7995777130126953, 0.7841657996177673, 0.7061913013458252, 0.8003478050231934, 0.7202619910240173, 0.728793740272522, 0.7653520107269287, 0.7451642155647278, 0.7091200947761536, 0.788641631603241, 0.7934741973876953, 0.7456703782081604, 0.72260981798172], [0.6949382424354553, 0.7727208733558655, 0.7997250556945801, 0.6958989500999451, 0.9965046644210815, 0.7590387463569641, 0.8435801267623901, 0.7850139141082764, 0.8131765723228455, 0.8850945830345154, 0.7278470993041992, 0.9409754872322083, 0.9136967658996582, 0.7656998634338379, 0.7414581179618835, 0.7773510813713074, 0.7341280579566956, 0.7480897307395935, 0.6774370670318604, 0.9050140976905823], [0.7147711515426636, 0.8916563391685486, 0.7807894945144653, 0.7737053036689758, 0.7590387463569641, 0.9975869655609131, 0.770132303237915, 0.7489128112792969, 0.8269217610359192, 0.744450569152832, 0.7000083923339844, 0.7648195624351501, 0.748597264289856, 0.7281948924064636, 0.7007932066917419, 0.9140925407409668, 0.7567118406295776, 0.8911826610565186, 0.722435474395752, 0.7755045294761658], [0.7270494699478149, 0.8202483057975769, 0.8177783489227295, 0.7425554990768433, 0.8435801267623901, 0.770132303237915, 1.0013445615768433, 0.7915080189704895, 0.829528272151947, 0.8610734939575195, 0.7261990904808044, 0.8924294710159302, 0.8631149530410767, 0.7662824392318726, 0.773993194103241, 0.7584088444709778, 0.7740354537963867, 0.7759155631065369, 0.755168080329895, 0.9033965468406677], [0.7983113527297974, 0.77792888879776, 0.7748233079910278, 0.7995777130126953, 0.7850139141082764, 0.7489128112792969, 0.7915080189704895, 0.995863139629364, 0.8166341781616211, 0.79998779296875, 0.8171176314353943, 0.8194571137428284, 0.8273807764053345, 0.8444655537605286, 0.8412010073661804, 0.7032633423805237, 0.7568092942237854, 0.7011435627937317, 0.7612812519073486, 0.7849498391151428], [0.7380942106246948, 0.8350499868392944, 0.8270743489265442, 0.7841657996177673, 0.8131765723228455, 0.8269217610359192, 0.829528272151947, 0.8166341781616211, 0.9984316229820251, 0.868117094039917, 0.7144778370857239, 0.8594139218330383, 0.8760514855384827, 0.8220970630645752, 0.7760058641433716, 0.7886010408401489, 0.7610490322113037, 0.8193216323852539, 0.6843390464782715, 0.8494264483451843], [0.7380662560462952, 0.7982048988342285, 0.8382905721664429, 0.7061913013458252, 0.8850945830345154, 0.744450569152832, 0.8610734939575195, 0.79998779296875, 0.868117094039917, 1.0023705959320068, 0.6768710017204285, 0.943710207939148, 0.9691320061683655, 0.8479357957839966, 0.7686980962753296, 0.7253613471984863, 0.7021394371986389, 0.7526357769966125, 0.6705746054649353, 0.9073290824890137], [0.8090015649795532, 0.7315454483032227, 0.6718201637268066, 0.8003478050231934, 0.7278470993041992, 0.7000083923339844, 0.7261990904808044, 0.8171176314353943, 0.7144778370857239, 0.6768710017204285, 0.9941063523292542, 0.7223404049873352, 0.7233054637908936, 0.756533145904541, 0.7520447969436646, 0.6660297513008118, 0.7947643399238586, 0.6693145632743835, 0.7397599816322327, 0.7170085310935974], [0.7351531982421875, 0.7965152859687805, 0.8549118638038635, 0.7202619910240173, 0.9409754276275635, 0.7648195624351501, 0.8924294710159302, 0.8194571137428284, 0.8594139218330383, 0.943710207939148, 0.7223404049873352, 0.9927368760108948, 0.961152195930481, 0.8146517872810364, 0.7639084458351135, 0.7615557909011841, 0.7264991998672485, 0.7549133896827698, 0.7018946409225464, 0.9447585940361023], [0.7672502994537354, 0.801918089389801, 0.8404093980789185, 0.728793740272522, 0.9136967658996582, 0.748597264289856, 0.8631149530410767, 0.8273807764053345, 0.8760514259338379, 0.9691320061683655, 0.7233054637908936, 0.961152195930481, 1.0073860883712769, 0.8565031290054321, 0.7897211909294128, 0.7401167750358582, 0.7391894459724426, 0.7599698901176453, 0.6889991164207458, 0.9237335920333862], [0.7739815711975098, 0.7612716555595398, 0.7309532761573792, 0.7653520107269287, 0.7656998634338379, 0.7281948924064636, 0.766282320022583, 0.8444655537605286, 0.8220970630645752, 0.8479357957839966, 0.756533145904541, 0.8146517872810364, 0.8565031290054321, 0.9979424476623535, 0.7979747653007507, 0.6744033694267273, 0.7221469283103943, 0.7403829097747803, 0.6921806931495667, 0.7881414294242859], [0.7444577217102051, 0.7385178208351135, 0.6928547620773315, 0.7451642155647278, 0.7414581179618835, 0.7007932066917419, 0.773993194103241, 0.8412010073661804, 0.7760058641433716, 0.7686980962753296, 0.7520447969436646, 0.7639084458351135, 0.7897211909294128, 0.7979747653007507, 1.0017611980438232, 0.6481636762619019, 0.7450168132781982, 0.6974194645881653, 0.7351179122924805, 0.7646445035934448], [0.6388577818870544, 0.915630578994751, 0.7658584713935852, 0.7091200947761536, 0.7773510813713074, 0.9140925407409668, 0.7584088444709778, 0.7032633423805237, 0.7886010408401489, 0.7253613471984863, 0.6660297513008118, 0.7615557909011841, 0.7401167750358582, 0.6744033694267273, 0.6481636762619019, 0.9947078227996826, 0.730557918548584, 0.8263195157051086, 0.6802528500556946, 0.7591009736061096], [0.7735902070999146, 0.7659642696380615, 0.6780217289924622, 0.788641631603241, 0.7341280579566956, 0.7567118406295776, 0.7740354537963867, 0.7568092942237854, 0.7610490322113037, 0.7021394371986389, 0.7947643399238586, 0.7264991998672485, 0.7391895055770874, 0.7221469283103943, 0.7450166940689087, 0.730557918548584, 1.0048280954360962, 0.7485487461090088, 0.7310298681259155, 0.7494333982467651], [0.7166756987571716, 0.8371709585189819, 0.7180647850036621, 0.7934741377830505, 0.7480897307395935, 0.8911826610565186, 0.7759155631065369, 0.7011435627937317, 0.8193216323852539, 0.7526357769966125, 0.6693145632743835, 0.7549133896827698, 0.7599698901176453, 0.7403829097747803, 0.6974194645881653, 0.8263194561004639, 0.7485487461090088, 1.0015333890914917, 0.6902223229408264, 0.7602530121803284], [0.7012201547622681, 0.7406488656997681, 0.6707167029380798, 0.7456703782081604, 0.6774370670318604, 0.722435474395752, 0.755168080329895, 0.7612811326980591, 0.6843390464782715, 0.6705746054649353, 0.7397599816322327, 0.7018946409225464, 0.6889991164207458, 0.6921806931495667, 0.7351179122924805, 0.6802528500556946, 0.7310298681259155, 0.6902223229408264, 1.0010499954223633, 0.7166411280632019], [0.7161728739738464, 0.788009762763977, 0.8229587078094482, 0.7226098775863647, 0.9050140976905823, 0.7755045294761658, 0.9033965468406677, 0.7849498987197876, 0.8494264483451843, 0.9073290824890137, 0.7170085310935974, 0.9447585940361023, 0.9237335920333862, 0.7881414294242859, 0.7646445035934448, 0.7591009736061096, 0.7494335174560547, 0.7602530121803284, 0.7166411280632019, 1.0044177770614624]]}
{"idx": 1, "question": "Tell me a story in five sentences about a boy and his dog.", "score": [[1.0034314393997192, 0.836886465549469, 0.8436399698257446, 0.5215104222297668, 0.7230977416038513, 0.8035029768943787, 0.8082488179206848, 0.9066664576530457, 0.699428915977478, 0.8521518707275391, 0.937757670879364, 0.8312026858329773, 0.9006853699684143, 0.8186606168746948, 0.7825799584388733, 0.7848788499832153, 0.6681159138679504, 0.8443714380264282, 0.7806349992752075, 0.8881491422653198], [0.836886465549469, 1.0063326358795166, 0.8287103176116943, 0.5062941908836365, 0.817834734916687, 0.8698757290840149, 0.8830618262290955, 0.8686473369598389, 0.8710034489631653, 0.8517292141914368, 0.8299258947372437, 0.7730355858802795, 0.846011221408844, 0.7934748530387878, 0.7728819847106934, 0.887985110282898, 0.6295372843742371, 0.8477209210395813, 0.7793740034103394, 0.8572911620140076], [0.8436399698257446, 0.8287103176116943, 1.0055716037750244, 0.50543612241745, 0.7797296047210693, 0.7879539132118225, 0.8132283687591553, 0.8286195397377014, 0.6832414865493774, 0.7916758060455322, 0.842890202999115, 0.7743522524833679, 0.7920094728469849, 0.7618148922920227, 0.7693225145339966, 0.7983283996582031, 0.649579644203186, 0.761942446231842, 0.7179705500602722, 0.7847023010253906], [0.5215103626251221, 0.5062941908836365, 0.50543612241745, 1.0050716400146484, 0.560282826423645, 0.46719658374786377, 0.5089613199234009, 0.48227906227111816, 0.4905902147293091, 0.5342299938201904, 0.5190507173538208, 0.5711582899093628, 0.5530520081520081, 0.6412814259529114, 0.5484734177589417, 0.49362239241600037, 0.5746079683303833, 0.4988405108451843, 0.6102515459060669, 0.523779571056366], [0.7230977416038513, 0.817834734916687, 0.7797296047210693, 0.560282826423645, 1.002966284751892, 0.8087848424911499, 0.759208619594574, 0.7166424989700317, 0.848872184753418, 0.8448696136474609, 0.7332041263580322, 0.7115509510040283, 0.8157370686531067, 0.7727237343788147, 0.7241279482841492, 0.7150257229804993, 0.6855233907699585, 0.8345468640327454, 0.7400376200675964, 0.8061662316322327], [0.8035029768943787, 0.8698757290840149, 0.7879538536071777, 0.46719658374786377, 0.8087848424911499, 0.9941419363021851, 0.793749988079071, 0.822440505027771, 0.8234118819236755, 0.8735926151275635, 0.7705724239349365, 0.7119547128677368, 0.8370883464813232, 0.7648965120315552, 0.7526294589042664, 0.7717328667640686, 0.588574230670929, 0.806593120098114, 0.7568023204803467, 0.8923110365867615], [0.8082488179206848, 0.8830618262290955, 0.8132283687591553, 0.5089613199234009, 0.759208619594574, 0.793749988079071, 1.0067009925842285, 0.8192000389099121, 0.8234385251998901, 0.7776485085487366, 0.7906635999679565, 0.7556242346763611, 0.8128577470779419, 0.8000003695487976, 0.7859681248664856, 0.860853910446167, 0.6198625564575195, 0.7902695536613464, 0.7733913660049438, 0.8025418519973755], [0.9066664576530457, 0.8686474561691284, 0.8286195397377014, 0.48227906227111816, 0.7166424989700317, 0.822440505027771, 0.8191999793052673, 1.0000884532928467, 0.7139689922332764, 0.8057647943496704, 0.8653691411018372, 0.8014399409294128, 0.8521581888198853, 0.779739499092102, 0.7565117478370667, 0.7960610389709473, 0.5866093039512634, 0.7885171175003052, 0.7582749724388123, 0.8520143628120422], [0.699428915977478, 0.8710033297538757, 0.6832414865493774, 0.4905902147293091, 0.848872184753418, 0.8234118819236755, 0.8234385251998901, 0.7139689922332764, 1.0038037300109863, 0.8177719116210938, 0.687485933303833, 0.6676285266876221, 0.8249359130859375, 0.7560232877731323, 0.6813682913780212, 0.7758521437644958, 0.59238201379776, 0.8244388699531555, 0.7303102612495422, 0.8239777088165283], [0.8521518111228943, 0.8517292141914368, 0.7916758060455322, 0.5342299938201904, 0.8448696136474609, 0.8735924959182739, 0.7776484489440918, 0.8057647943496704, 0.8177719712257385, 1.004722237586975, 0.8651158213615417, 0.794267475605011, 0.8977590203285217, 0.8325240015983582, 0.7925716042518616, 0.7494164109230042, 0.7215592861175537, 0.9145516753196716, 0.8249245882034302, 0.88270503282547], [0.937757670879364, 0.8299258947372437, 0.842890202999115, 0.5190507173538208, 0.7332041263580322, 0.7705724239349365, 0.7906635999679565, 0.8653691411018372, 0.687485933303833, 0.8651158213615417, 1.0044386386871338, 0.8137941360473633, 0.8752052783966064, 0.7921556234359741, 0.7597875595092773, 0.7584652900695801, 0.6832269430160522, 0.8521363139152527, 0.7697927951812744, 0.846430778503418], [0.8312026858329773, 0.7730355858802795, 0.7743522524833679, 0.5711582899093628, 0.7115509510040283, 0.7119547128677368, 0.7556242346763611, 0.8014399409294128, 0.6676285266876221, 0.794267475605011, 0.8137941360473633, 0.9985634088516235, 0.8302801251411438, 0.8283388614654541, 0.8208509087562561, 0.719376802444458, 0.7193045616149902, 0.78868168592453, 0.8595123291015625, 0.7680193185806274], [0.9006853699684143, 0.846011221408844, 0.7920094728469849, 0.5530519485473633, 0.8157370686531067, 0.8370882868766785, 0.8128577470779419, 0.8521581888198853, 0.8249359130859375, 0.8977590203285217, 0.8752052783966064, 0.8302801251411438, 1.0026214122772217, 0.8622719049453735, 0.7733496427536011, 0.7692275047302246, 0.7083003520965576, 0.9111667275428772, 0.8350103497505188, 0.9428005814552307], [0.8186606168746948, 0.7934748530387878, 0.7618148922920227, 0.6412814259529114, 0.7727237343788147, 0.7648965120315552, 0.8000003695487976, 0.779739499092102, 0.7560232877731323, 0.8325240015983582, 0.7921556234359741, 0.8283388614654541, 0.8622719049453735, 1.0046874284744263, 0.7881032228469849, 0.7509705424308777, 0.7094744443893433, 0.798229455947876, 0.8659056425094604, 0.8177140951156616], [0.7825799584388733, 0.7728819251060486, 0.7693225145339966, 0.5484734177589417, 0.7241279482841492, 0.7526295781135559, 0.7859681248664856, 0.7565117478370667, 0.6813682913780212, 0.7925716042518616, 0.7597875595092773, 0.8208509683609009, 0.7733496427536011, 0.7881032228469849, 1.002038598060608, 0.7524504065513611, 0.6922617554664612, 0.7822451591491699, 0.8055219650268555, 0.754705011844635], [0.7848788499832153, 0.887985110282898, 0.7983283996582031, 0.49362245202064514, 0.7150257229804993, 0.7717328667640686, 0.860853910446167, 0.7960610389709473, 0.7758521437644958, 0.7494164109230042, 0.7584652900695801, 0.719376802444458, 0.7692275047302246, 0.7509705424308777, 0.7524504065513611, 0.9952449202537537, 0.602487325668335, 0.7712506651878357, 0.7225863933563232, 0.7662063241004944], [0.6681159138679504, 0.6295372843742371, 0.649579644203186, 0.5746079683303833, 0.6855233907699585, 0.588574230670929, 0.6198625564575195, 0.5866093039512634, 0.59238201379776, 0.7215592861175537, 0.6832269430160522, 0.7193045616149902, 0.7083003520965576, 0.7094744443893433, 0.6922617554664612, 0.602487325668335, 0.9998533725738525, 0.7411773800849915, 0.6623842716217041, 0.6440914869308472], [0.8443714380264282, 0.8477209210395813, 0.761942446231842, 0.4988405108451843, 0.8345468640327454, 0.806593120098114, 0.7902695536613464, 0.7885171175003052, 0.8244388103485107, 0.9145516753196716, 0.8521363139152527, 0.78868168592453, 0.9111667275428772, 0.798229455947876, 0.7822451591491699, 0.7712506651878357, 0.7411773800849915, 0.9968281984329224, 0.8038938045501709, 0.88319331407547], [0.7806349992752075, 0.7793740034103394, 0.7179705500602722, 0.6102515459060669, 0.7400376200675964, 0.7568024396896362, 0.7733913660049438, 0.7582749724388123, 0.7303102612495422, 0.8249245882034302, 0.7697927951812744, 0.8595123291015625, 0.8350103497505188, 0.8659056425094604, 0.8055220246315002, 0.7225863933563232, 0.6623842716217041, 0.8038938045501709, 0.9960301518440247, 0.8097761869430542], [0.8881491422653198, 0.8572911620140076, 0.7847023010253906, 0.523779571056366, 0.8061662316322327, 0.8923110961914062, 0.8025418519973755, 0.8520143032073975, 0.8239777088165283, 0.88270503282547, 0.8464307188987732, 0.7680193185806274, 0.9428005814552307, 0.8177140951156616, 0.754705011844635, 0.7662063241004944, 0.6440914869308472, 0.88319331407547, 0.8097761869430542, 1.0021858215332031]]}
{"idx": 2, "question": "Tell me the plot line in 5 sentences for a romcom movie set in rural Kansas for Easter.", "score": [[1.006766438484192, 0.8698796629905701, 0.9264096617698669, 0.7279092669487, 0.8613741397857666, 0.7079047560691833, 0.8907175064086914, 0.8638410568237305, 0.839695930480957, 0.858919084072113, 0.6941975355148315, 0.8402155637741089, 0.7243546843528748, 0.8436275124549866, 0.8332540988922119, 0.7613418698310852, 0.7999078631401062, 0.6837338209152222, 0.8346446752548218, 0.7144075036048889], [0.8698796629905701, 1.0056114196777344, 0.8787051439285278, 0.8228024244308472, 0.8349380493164062, 0.7686807513237, 0.8504591584205627, 0.8536214828491211, 0.857820987701416, 0.8773344159126282, 0.8168834447860718, 0.841111421585083, 0.7641538381576538, 0.7903908491134644, 0.8765745162963867, 0.8406205773353577, 0.8696387410163879, 0.7502158880233765, 0.8438298106193542, 0.8232197165489197], [0.9264096617698669, 0.8787051439285278, 0.9959419965744019, 0.7676650881767273, 0.8433691263198853, 0.7246485948562622, 0.8782035112380981, 0.8577754497528076, 0.8286122679710388, 0.8547304272651672, 0.7313957810401917, 0.830825924873352, 0.7532494068145752, 0.8280864953994751, 0.8488609790802002, 0.8061003684997559, 0.8239648342132568, 0.7132760882377625, 0.8507474660873413, 0.7608622908592224], [0.7279092669487, 0.8228024244308472, 0.7676650881767273, 0.9969258904457092, 0.8029143214225769, 0.7985836863517761, 0.7620779275894165, 0.7623702883720398, 0.8133295774459839, 0.8074568510055542, 0.8258268237113953, 0.7943276762962341, 0.840961217880249, 0.7653394937515259, 0.8370128273963928, 0.8990249633789062, 0.8933508396148682, 0.7964615225791931, 0.8303643465042114, 0.8726980090141296], [0.8613741397857666, 0.8349380493164062, 0.8433691263198853, 0.8029143214225769, 0.9938341379165649, 0.766573429107666, 0.8564302921295166, 0.8636099696159363, 0.8524444103240967, 0.89628005027771, 0.7241249084472656, 0.8935429453849792, 0.7836759686470032, 0.8782238364219666, 0.8381440043449402, 0.790362536907196, 0.8055416941642761, 0.6999982595443726, 0.8479669094085693, 0.7607552409172058], [0.7079047560691833, 0.7686807513237, 0.7246485352516174, 0.7985836863517761, 0.766573429107666, 0.9984439015388489, 0.7538401484489441, 0.7732304334640503, 0.8049553632736206, 0.7652581930160522, 0.8073000311851501, 0.6940776109695435, 0.8157666325569153, 0.7729084491729736, 0.8013675212860107, 0.8454744815826416, 0.8539435863494873, 0.7454135417938232, 0.7622968554496765, 0.7833843231201172], [0.8907175064086914, 0.8504591584205627, 0.8782035112380981, 0.7620779275894165, 0.8564302921295166, 0.7538401484489441, 0.9976179599761963, 0.8520589470863342, 0.8346853852272034, 0.8825202584266663, 0.735287606716156, 0.8257157206535339, 0.7385590076446533, 0.8511521816253662, 0.8427144885063171, 0.7927420139312744, 0.7927680611610413, 0.6784125566482544, 0.8568211197853088, 0.7459665536880493], [0.8638410568237305, 0.8536214828491211, 0.8577754497528076, 0.7623702883720398, 0.8636099696159363, 0.7732304334640503, 0.8520589470863342, 1.000280737876892, 0.8604390621185303, 0.8837139010429382, 0.7684851288795471, 0.8499725461006165, 0.7668130397796631, 0.836877703666687, 0.8424475193023682, 0.8124787211418152, 0.8214097023010254, 0.73549485206604, 0.8552455902099609, 0.789446234703064], [0.839695930480957, 0.857820987701416, 0.8286122679710388, 0.8133295774459839, 0.8524444103240967, 0.8049553632736206, 0.8346853852272034, 0.8604390621185303, 0.9981086850166321, 0.879913866519928, 0.7604008316993713, 0.8422291278839111, 0.8217658400535583, 0.8605288863182068, 0.8614236116409302, 0.8293453454971313, 0.8458905816078186, 0.7494062185287476, 0.8513502478599548, 0.7894037365913391], [0.858919084072113, 0.8773344159126282, 0.8547304272651672, 0.8074568510055542, 0.89628005027771, 0.7652581930160522, 0.8825202584266663, 0.8837139010429382, 0.879913866519928, 1.0002700090408325, 0.7738350629806519, 0.8989663124084473, 0.7821147441864014, 0.8738279938697815, 0.8927723169326782, 0.8146653175354004, 0.8305270671844482, 0.7084268927574158, 0.8324922323226929, 0.7720623016357422], [0.6941975355148315, 0.8168834447860718, 0.7313958406448364, 0.8258268237113953, 0.7241249084472656, 0.8073000311851501, 0.735287606716156, 0.7684851288795471, 0.7604008316993713, 0.7738350629806519, 1.0005125999450684, 0.7237529754638672, 0.7870311737060547, 0.6853242516517639, 0.8344652056694031, 0.8597297668457031, 0.8697936534881592, 0.7519304156303406, 0.7494304180145264, 0.8709233999252319], [0.8402155637741089, 0.841111421585083, 0.830825924873352, 0.7943276762962341, 0.8935429453849792, 0.6940776109695435, 0.8257157206535339, 0.8499725461006165, 0.8422291874885559, 0.8989663124084473, 0.7237529754638672, 0.9961541891098022, 0.7401001453399658, 0.831516683101654, 0.8521162271499634, 0.7719191312789917, 0.8029531240463257, 0.7062507271766663, 0.8253735303878784, 0.7749396562576294], [0.7243546843528748, 0.7641538381576538, 0.7532494068145752, 0.840961217880249, 0.7836759686470032, 0.8157666325569153, 0.7385589480400085, 0.7668130397796631, 0.8217658400535583, 0.7821147441864014, 0.7870311737060547, 0.7401001453399658, 1.001435399055481, 0.7727924585342407, 0.8091273307800293, 0.8295264840126038, 0.8701692223548889, 0.7972011566162109, 0.7734452486038208, 0.8039475679397583], [0.8436275124549866, 0.7903908491134644, 0.8280864953994751, 0.7653394937515259, 0.8782238364219666, 0.7729084491729736, 0.8511523008346558, 0.836877703666687, 0.8605288863182068, 0.8738279938697815, 0.6853242516517639, 0.831516683101654, 0.7727924585342407, 1.0064051151275635, 0.834583580493927, 0.7783991694450378, 0.7894500494003296, 0.6573377251625061, 0.8449168801307678, 0.7130462527275085], [0.8332540988922119, 0.8765745162963867, 0.8488609790802002, 0.8370128273963928, 0.8381440043449402, 0.8013675212860107, 0.8427144289016724, 0.8424475193023682, 0.8614236116409302, 0.8927723169326782, 0.8344652056694031, 0.8521162271499634, 0.8091273307800293, 0.834583580493927, 0.9945027828216553, 0.8403868079185486, 0.8761420845985413, 0.7469039559364319, 0.8499791026115417, 0.809398889541626], [0.7613418698310852, 0.8406205773353577, 0.8061003684997559, 0.8990250825881958, 0.790362536907196, 0.8454744815826416, 0.7927420139312744, 0.8124787211418152, 0.8293453454971313, 0.8146653175354004, 0.8597297668457031, 0.7719191312789917, 0.8295264840126038, 0.7783991694450378, 0.8403868079185486, 1.0062544345855713, 0.9116225838661194, 0.8103036880493164, 0.8152542114257812, 0.8731281757354736], [0.7999078631401062, 0.8696387410163879, 0.8239648342132568, 0.8933508396148682, 0.8055416941642761, 0.8539435863494873, 0.7927680611610413, 0.8214097023010254, 0.8458905816078186, 0.8305270671844482, 0.8697936534881592, 0.8029531240463257, 0.8701692223548889, 0.7894500494003296, 0.8761420845985413, 0.9116225838661194, 1.0026452541351318, 0.8015368580818176, 0.8118768930435181, 0.8758034706115723], [0.6837338209152222, 0.7502158880233765, 0.7132760882377625, 0.7964615225791931, 0.6999982595443726, 0.7454135417938232, 0.6784125566482544, 0.73549485206604, 0.7494062185287476, 0.7084269523620605, 0.7519304156303406, 0.7062507271766663, 0.7972011566162109, 0.6573377251625061, 0.7469040155410767, 0.8103036880493164, 0.8015368580818176, 0.9965919256210327, 0.745140790939331, 0.8096360564231873], [0.8346446752548218, 0.8438298106193542, 0.8507474660873413, 0.8303643465042114, 0.8479669094085693, 0.7622968554496765, 0.8568211197853088, 0.8552455902099609, 0.8513502478599548, 0.8324922323226929, 0.7494304180145264, 0.8253735303878784, 0.7734452486038208, 0.8449168801307678, 0.8499791026115417, 0.8152542114257812, 0.8118768930435181, 0.745140790939331, 1.0042327642440796, 0.7996150255203247], [0.7144076228141785, 0.8232197165489197, 0.7608622908592224, 0.8726979494094849, 0.7607552409172058, 0.7833843231201172, 0.7459665536880493, 0.7894461750984192, 0.7894037365913391, 0.7720623016357422, 0.8709234595298767, 0.7749396562576294, 0.8039476871490479, 0.7130462527275085, 0.809398889541626, 0.8731281757354736, 0.8758034706115723, 0.809636116027832, 0.7996150255203247, 1.0012145042419434]]}
{"idx": 3, "question": "Write a haiku about a whale and a walnut tree.", "score": [[0.9974550008773804, 0.7043749094009399, 0.7186124920845032, 0.7772271633148193, 0.696141242980957, 0.7295741438865662, 0.7348607778549194, 0.7567851543426514], [0.7043749094009399, 1.0029582977294922, 0.8638190031051636, 0.78312748670578, 0.8004447221755981, 0.8273583650588989, 0.8796827793121338, 0.8040509223937988], [0.7186124920845032, 0.8638190031051636, 1.0073868036270142, 0.9160104990005493, 0.9068959951400757, 0.9302172660827637, 0.9045370817184448, 0.8526824116706848], [0.7772271633148193, 0.78312748670578, 0.9160104990005493, 1.0005662441253662, 0.8941164016723633, 0.9439963102340698, 0.8601297736167908, 0.8399942517280579], [0.696141242980957, 0.8004447221755981, 0.9068959951400757, 0.8941164016723633, 1.0024569034576416, 0.8941261172294617, 0.8516592979431152, 0.866676926612854], [0.7295741438865662, 0.8273583650588989, 0.9302172660827637, 0.9439963102340698, 0.8941261172294617, 0.999727725982666, 0.8752791881561279, 0.8512251377105713], [0.7348607778549194, 0.8796827793121338, 0.9045370817184448, 0.8601297736167908, 0.8516592979431152, 0.8752791881561279, 1.0046346187591553, 0.8501037955284119], [0.7567851543426514, 0.8040509223937988, 0.8526824116706848, 0.8399942517280579, 0.866676926612854, 0.8512251377105713, 0.8501037955284119, 1.0065014362335205]]}
{"idx": 4, "question": "Write a short love poem with 4 lines.", "score": [[1.003191590309143, 0.508148729801178, 0.5441770553588867, 0.5929228067398071, 0.6412490606307983, 0.572081983089447, 0.6604654788970947, 0.627024233341217, 0.664659857749939, 0.6249890327453613, 0.6073707938194275, 0.6629673838615417, 0.5877229571342468, 0.6641650199890137, 0.6256541609764099, 0.7103381752967834, 0.6627811789512634, 0.6308810710906982], [0.508148729801178, 0.9997432827949524, 0.6293672919273376, 0.6501728892326355, 0.6339319348335266, 0.6337576508522034, 0.5952465534210205, 0.6937052607536316, 0.5892747044563293, 0.6254894137382507, 0.7210392951965332, 0.5424884557723999, 0.5813671946525574, 0.6139820218086243, 0.6039820313453674, 0.6443299055099487, 0.6927444338798523, 0.6432674527168274], [0.5441770553588867, 0.6293672919273376, 1.0028504133224487, 0.6556492447853088, 0.6581547260284424, 0.5702885985374451, 0.6595184206962585, 0.6767311692237854, 0.6433759331703186, 0.6749367117881775, 0.7176783680915833, 0.6809104084968567, 0.7268527150154114, 0.664395272731781, 0.6487303376197815, 0.6746432781219482, 0.6881022453308105, 0.6483765840530396], [0.5929228067398071, 0.6501728892326355, 0.6556492447853088, 1.0013858079910278, 0.7156050801277161, 0.5988876223564148, 0.8068668842315674, 0.7660337090492249, 0.6494518518447876, 0.7868719696998596, 0.7719843983650208, 0.6750849485397339, 0.7253066897392273, 0.7760435342788696, 0.7449195384979248, 0.7568213939666748, 0.8458858728408813, 0.7883411049842834], [0.6412490606307983, 0.6339319348335266, 0.6581547260284424, 0.7156050801277161, 1.0007013082504272, 0.5721652507781982, 0.7629806399345398, 0.7156111001968384, 0.7582014203071594, 0.7125382423400879, 0.7445429563522339, 0.7423089742660522, 0.6593722701072693, 0.8343325853347778, 0.7725235223770142, 0.7488647103309631, 0.7808481454849243, 0.6791400909423828], [0.5720819234848022, 0.6337576508522034, 0.5702885985374451, 0.5988876223564148, 0.5721652507781982, 0.9953572750091553, 0.5693134069442749, 0.6233214735984802, 0.5497261881828308, 0.6128532290458679, 0.6574308276176453, 0.5469902157783508, 0.5512276887893677, 0.5783942341804504, 0.6059082746505737, 0.5668625831604004, 0.6276678442955017, 0.5936737060546875], [0.6604654788970947, 0.5952465534210205, 0.6595183610916138, 0.8068668842315674, 0.7629806399345398, 0.5693134069442749, 1.0003048181533813, 0.7255703210830688, 0.6880266666412354, 0.7717009782791138, 0.7349784970283508, 0.7060871124267578, 0.71269291639328, 0.775294840335846, 0.7269952893257141, 0.7873871922492981, 0.7859958410263062, 0.794764518737793], [0.627024233341217, 0.6937052607536316, 0.6767311096191406, 0.7660337090492249, 0.7156111001968384, 0.6233214735984802, 0.7255703210830688, 1.003473162651062, 0.6568942070007324, 0.7988725304603577, 0.800866425037384, 0.6974647045135498, 0.6966320276260376, 0.7805150151252747, 0.7342838048934937, 0.7594581842422485, 0.8218293190002441, 0.7633803486824036], [0.664659857749939, 0.5892747044563293, 0.643375813961029, 0.6494518518447876, 0.7582014203071594, 0.5497261881828308, 0.6880266666412354, 0.6568942666053772, 1.0016390085220337, 0.656518816947937, 0.7051272392272949, 0.6895154118537903, 0.6236891150474548, 0.7564491629600525, 0.7146168947219849, 0.7123024463653564, 0.729193925857544, 0.653052806854248], [0.6249890327453613, 0.6254894137382507, 0.6749367117881775, 0.7868719696998596, 0.7125382423400879, 0.6128532290458679, 0.771700918674469, 0.7988725304603577, 0.656518816947937, 1.0079479217529297, 0.7935766577720642, 0.7246912121772766, 0.7692665457725525, 0.785714328289032, 0.7653433084487915, 0.8060699701309204, 0.8116394281387329, 0.7999780178070068], [0.6073707938194275, 0.7210392951965332, 0.7176783680915833, 0.7719843983650208, 0.7445429563522339, 0.6574308276176453, 0.7349784970283508, 0.800866425037384, 0.7051272392272949, 0.7935766577720642, 1.0070605278015137, 0.6905048489570618, 0.7026485204696655, 0.7601381540298462, 0.7912755608558655, 0.7782200574874878, 0.8546573519706726, 0.7565747499465942], [0.6629673838615417, 0.5424884557723999, 0.6809104084968567, 0.6750849485397339, 0.7423089742660522, 0.5469902157783508, 0.7060871124267578, 0.6974647045135498, 0.6895154118537903, 0.7246912121772766, 0.6905048489570618, 0.9933459758758545, 0.6427085995674133, 0.7270203232765198, 0.7145535945892334, 0.7388997077941895, 0.7581429481506348, 0.6915695071220398], [0.5877229571342468, 0.5813671946525574, 0.7268527746200562, 0.7253066897392273, 0.6593722701072693, 0.5512277483940125, 0.71269291639328, 0.6966320276260376, 0.6236889958381653, 0.7692665457725525, 0.7026485204696655, 0.6427085995674133, 1.0045758485794067, 0.7135691046714783, 0.6882549524307251, 0.7378829717636108, 0.6792499423027039, 0.7112007141113281], [0.6641650199890137, 0.6139820218086243, 0.664395272731781, 0.7760435342788696, 0.8343325853347778, 0.5783942341804504, 0.775294840335846, 0.7805150151252747, 0.7564492225646973, 0.785714328289032, 0.7601381540298462, 0.7270203828811646, 0.7135691046714783, 1.007320761680603, 0.8300694823265076, 0.7558251619338989, 0.7979666590690613, 0.7203404307365417], [0.6256541609764099, 0.6039820313453674, 0.6487303376197815, 0.7449195384979248, 0.7725235223770142, 0.6059082746505737, 0.7269952893257141, 0.7342838048934937, 0.7146168947219849, 0.7653433084487915, 0.7912755608558655, 0.7145535945892334, 0.6882549524307251, 0.8300694823265076, 1.0008769035339355, 0.7856720089912415, 0.7857897877693176, 0.6969139575958252], [0.7103381752967834, 0.6443299055099487, 0.6746432781219482, 0.7568213939666748, 0.7488647103309631, 0.5668625831604004, 0.7873871922492981, 0.7594581842422485, 0.7123024463653564, 0.8060700297355652, 0.7782200574874878, 0.7388997077941895, 0.7378829717636108, 0.7558251619338989, 0.7856720089912415, 1.0035474300384521, 0.8267737627029419, 0.8081945776939392], [0.6627812385559082, 0.6927443742752075, 0.6881022453308105, 0.8458859324455261, 0.7808481454849243, 0.6276678442955017, 0.7859959006309509, 0.8218293190002441, 0.729193925857544, 0.8116394281387329, 0.8546573519706726, 0.7581429481506348, 0.6792500019073486, 0.7979666590690613, 0.7857897281646729, 0.8267737627029419, 1.0057920217514038, 0.7680982947349548], [0.6308810710906982, 0.6432674527168274, 0.6483765840530396, 0.7883410453796387, 0.6791401505470276, 0.5936737060546875, 0.794764518737793, 0.7633803486824036, 0.653052806854248, 0.7999780774116516, 0.7565746903419495, 0.691569447517395, 0.7112007737159729, 0.720340371131897, 0.6969139575958252, 0.8081945180892944, 0.7680982947349548, 0.9993206262588501]]}
