{"idx": 0, "question": "Tell me a story in five sentences about a girl and her dog.", "score": [[0.9941174983978271, 0.8036985993385315, 0.7670732140541077, 0.9038745760917664, 0.7427548766136169, 0.8075309991836548, 0.7060774564743042, 0.749115526676178, 0.7880471348762512, 0.8058643937110901, 0.8561490774154663, 0.8259393572807312, 0.8664045333862305, 0.8561917543411255, 0.800046980381012, 0.7658520936965942, 0.9160429835319519, 0.7616840600967407, 0.7699953317642212, 0.8091588020324707], [0.8036985993385315, 1.0004980564117432, 0.7942559123039246, 0.8327457308769226, 0.8110489249229431, 0.765716016292572, 0.7758930921554565, 0.8208340406417847, 0.8136518001556396, 0.8108364343643188, 0.824450671672821, 0.7901414632797241, 0.7943487167358398, 0.8313011527061462, 0.8079118728637695, 0.7754220962524414, 0.8313075304031372, 0.776464581489563, 0.8265063762664795, 0.8178607225418091], [0.7670732140541077, 0.7942559123039246, 0.9962711930274963, 0.7871323823928833, 0.7493289709091187, 0.7840675115585327, 0.739007830619812, 0.6866331100463867, 0.8452373743057251, 0.830062985420227, 0.7590218782424927, 0.7352337837219238, 0.7664470672607422, 0.7662318348884583, 0.7525354623794556, 0.8409726023674011, 0.7718927264213562, 0.6683709025382996, 0.8250165581703186, 0.7723474502563477], [0.9038745760917664, 0.8327457308769226, 0.7871323823928833, 0.9977440237998962, 0.7790587544441223, 0.8893314599990845, 0.7724676728248596, 0.7568337917327881, 0.811836838722229, 0.8895232677459717, 0.8660047650337219, 0.8380064368247986, 0.9567042589187622, 0.9038397669792175, 0.856302797794342, 0.7734760046005249, 0.9481520652770996, 0.745007336139679, 0.8381451368331909, 0.8336992859840393], [0.7427548766136169, 0.8110489249229431, 0.7493289709091187, 0.7790587544441223, 0.997617244720459, 0.7562131285667419, 0.8244656920433044, 0.770322859287262, 0.7739492654800415, 0.7973932027816772, 0.8055881857872009, 0.6846628189086914, 0.7476163506507874, 0.8331311941146851, 0.8526380062103271, 0.7474322319030762, 0.7793992757797241, 0.6691542863845825, 0.7752915620803833, 0.8050975799560547], [0.8075309991836548, 0.765716016292572, 0.7840675115585327, 0.8893314599990845, 0.7562131285667419, 1.0077656507492065, 0.799826443195343, 0.7259372472763062, 0.7713776230812073, 0.8860390186309814, 0.7934852242469788, 0.7624907493591309, 0.9010908603668213, 0.8397170305252075, 0.810178816318512, 0.7596243619918823, 0.8690634965896606, 0.7006881237030029, 0.7842441201210022, 0.8211596608161926], [0.7060774564743042, 0.7758930921554565, 0.739007830619812, 0.7724676728248596, 0.8244656920433044, 0.799826443195343, 1.0058143138885498, 0.7542284727096558, 0.797459602355957, 0.8194177150726318, 0.8003305792808533, 0.6923357248306274, 0.783004641532898, 0.7897564172744751, 0.7652134895324707, 0.7827572822570801, 0.7581865787506104, 0.6715390086174011, 0.7952214479446411, 0.8531136512756348], [0.7491155862808228, 0.8208340406417847, 0.6866331100463867, 0.7568337917327881, 0.7703227996826172, 0.7259372472763062, 0.7542284727096558, 0.9973888993263245, 0.7871565818786621, 0.7709413170814514, 0.7709057331085205, 0.8540656566619873, 0.7281445264816284, 0.7760413885116577, 0.7135381698608398, 0.7144913673400879, 0.7634307742118835, 0.9111412763595581, 0.7201516628265381, 0.7733095288276672], [0.7880470752716064, 0.8136518001556396, 0.8452373743057251, 0.811836838722229, 0.7739492654800415, 0.7713776230812073, 0.797459602355957, 0.7871565818786621, 1.0048407316207886, 0.8521028757095337, 0.8438441753387451, 0.7804774641990662, 0.7799155116081238, 0.7944077253341675, 0.7508800029754639, 0.935653805732727, 0.8053051233291626, 0.7832775712013245, 0.8167069554328918, 0.8349871635437012], [0.8058643937110901, 0.8108364939689636, 0.830062985420227, 0.8895232677459717, 0.7973932027816772, 0.8860390186309814, 0.8194177150726318, 0.7709413170814514, 0.8521028757095337, 1.0059727430343628, 0.838712751865387, 0.7888045907020569, 0.8702538013458252, 0.828978419303894, 0.7844480276107788, 0.8394691944122314, 0.8599475026130676, 0.7314408421516418, 0.8341442346572876, 0.8428023457527161], [0.8561490774154663, 0.824450671672821, 0.7590218782424927, 0.8660048246383667, 0.8055881857872009, 0.7934852242469788, 0.8003305792808533, 0.7709057331085205, 0.8438441753387451, 0.838712751865387, 1.0051424503326416, 0.791141152381897, 0.8431618809700012, 0.8436353802680969, 0.8093818426132202, 0.8050106167793274, 0.8824689984321594, 0.7554539442062378, 0.7725857496261597, 0.8966903686523438], [0.8259393572807312, 0.7901414632797241, 0.7352338433265686, 0.8380064368247986, 0.6846628189086914, 0.7624907493591309, 0.6923357248306274, 0.8540656566619873, 0.7804774641990662, 0.7888045907020569, 0.791141152381897, 1.0035462379455566, 0.8032149076461792, 0.789698600769043, 0.7398385405540466, 0.7301346063613892, 0.8653713464736938, 0.8586903214454651, 0.7613197565078735, 0.7731138467788696], [0.8664045333862305, 0.7943487167358398, 0.7664470672607422, 0.9567042589187622, 0.7476163506507874, 0.9010908603668213, 0.783004641532898, 0.7281445264816284, 0.7799155116081238, 0.8702538013458252, 0.8431618809700012, 0.8032149076461792, 1.0021159648895264, 0.8891720771789551, 0.8258252739906311, 0.7581396102905273, 0.9108018279075623, 0.7212101221084595, 0.8250692486763, 0.8262875080108643], [0.8561918139457703, 0.8313011527061462, 0.7662318348884583, 0.9038397669792175, 0.8331311345100403, 0.8397170305252075, 0.7897564172744751, 0.7760413885116577, 0.7944077253341675, 0.828978419303894, 0.8436354398727417, 0.789698600769043, 0.8891720771789551, 1.0059236288070679, 0.8792234659194946, 0.7436855435371399, 0.9059298038482666, 0.7255202531814575, 0.7851657867431641, 0.820052981376648], [0.800046980381012, 0.8079118728637695, 0.7525354623794556, 0.8563028573989868, 0.8526380062103271, 0.8101788759231567, 0.7652134895324707, 0.7135381698608398, 0.7508800029754639, 0.7844480276107788, 0.809381902217865, 0.7398385405540466, 0.8258252739906311, 0.8792234659194946, 0.9969677925109863, 0.717206597328186, 0.8775561451911926, 0.6702637076377869, 0.7960835099220276, 0.7884588241577148], [0.7658520936965942, 0.7754220962524414, 0.8409726023674011, 0.7734760046005249, 0.7474322319030762, 0.7596243619918823, 0.7827572822570801, 0.7144913673400879, 0.935653805732727, 0.8394691944122314, 0.8050106167793274, 0.7301346063613892, 0.7581396102905273, 0.7436855435371399, 0.717206597328186, 0.99501633644104, 0.764843225479126, 0.7145735025405884, 0.8019812107086182, 0.7996312975883484], [0.9160429835319519, 0.8313075304031372, 0.7718927264213562, 0.9481520652770996, 0.7793992757797241, 0.8690634965896606, 0.7581865787506104, 0.7634307742118835, 0.8053051233291626, 0.8599475026130676, 0.8824689984321594, 0.8653713464736938, 0.9108018279075623, 0.9059298038482666, 0.8775562047958374, 0.764843225479126, 1.0007411241531372, 0.7621428370475769, 0.8037616610527039, 0.8413144946098328], [0.7616840600967407, 0.776464581489563, 0.6683709025382996, 0.745007336139679, 0.6691542863845825, 0.7006881237030029, 0.6715390086174011, 0.9111412763595581, 0.7832775712013245, 0.7314408421516418, 0.7554539442062378, 0.8586903214454651, 0.7212101221084595, 0.7255202531814575, 0.6702637076377869, 0.7145735025405884, 0.7621428370475769, 1.0010788440704346, 0.6876472234725952, 0.7491530179977417], [0.7699953317642212, 0.8265063166618347, 0.8250165581703186, 0.8381451368331909, 0.7752915620803833, 0.7842441201210022, 0.7952214479446411, 0.7201516628265381, 0.8167069554328918, 0.8341442346572876, 0.7725857496261597, 0.7613197565078735, 0.8250692486763, 0.7851657867431641, 0.7960835695266724, 0.8019812107086182, 0.8037616610527039, 0.6876472234725952, 0.996762752532959, 0.7749655842781067], [0.8091588020324707, 0.8178607225418091, 0.7723474502563477, 0.8336992859840393, 0.8050975799560547, 0.8211596608161926, 0.8531136512756348, 0.7733095288276672, 0.8349871635437012, 0.8428023457527161, 0.8966903686523438, 0.7731138467788696, 0.8262875080108643, 0.820052981376648, 0.7884588241577148, 0.7996312975883484, 0.8413144946098328, 0.7491530179977417, 0.7749655842781067, 1.0047376155853271]]}
{"idx": 1, "question": "Tell me a story in five sentences about a boy and his dog.", "score": [[1.0024467706680298, 0.7999289035797119, 0.8611673712730408, 0.8478745818138123, 0.8884744644165039, 0.893703281879425, 0.8476800322532654, 0.9354023933410645, 0.799795389175415, 0.8418806195259094, 0.9063977599143982, 0.8367830514907837, 0.8921233415603638, 0.7938669919967651, 0.92854905128479, 0.821546733379364, 0.8131076693534851, 0.7584606409072876, 0.8408904671669006, 0.8450267910957336], [0.7999289035797119, 0.9943519830703735, 0.7510474920272827, 0.7302212715148926, 0.775999903678894, 0.7337203025817871, 0.7277114987373352, 0.7956581115722656, 0.8078131079673767, 0.8048446178436279, 0.7761473655700684, 0.7683807015419006, 0.733286440372467, 0.8184655904769897, 0.7953469157218933, 0.7492594122886658, 0.8789331316947937, 0.5912860631942749, 0.7528446912765503, 0.7450980544090271], [0.8611673712730408, 0.7510474920272827, 1.0061123371124268, 0.7820920348167419, 0.8451800346374512, 0.8258197903633118, 0.8061715960502625, 0.8737717866897583, 0.7148358821868896, 0.9413646459579468, 0.8540825843811035, 0.8833644986152649, 0.8459961414337158, 0.7644435167312622, 0.8883702158927917, 0.7611597180366516, 0.7883355617523193, 0.6779211163520813, 0.8076815605163574, 0.7527658343315125], [0.8478745818138123, 0.7302212119102478, 0.7820920348167419, 1.000895380973816, 0.7903125286102295, 0.8594480752944946, 0.8197159767150879, 0.8277466297149658, 0.7080245018005371, 0.7912557125091553, 0.8632533550262451, 0.7467958331108093, 0.8164771795272827, 0.6937021613121033, 0.8282763361930847, 0.7122443914413452, 0.7465187907218933, 0.6633678674697876, 0.7441374659538269, 0.7201852202415466], [0.8884744644165039, 0.775999903678894, 0.8451800346374512, 0.7903125286102295, 1.0076110363006592, 0.8573621511459351, 0.8633556962013245, 0.8768253326416016, 0.8616217374801636, 0.8502946496009827, 0.8593965768814087, 0.831992506980896, 0.8543432354927063, 0.7816586494445801, 0.8688859939575195, 0.8160380125045776, 0.8119757771492004, 0.6948637962341309, 0.8773061633110046, 0.8793148994445801], [0.893703281879425, 0.7337203025817871, 0.8258197903633118, 0.8594480752944946, 0.8573621511459351, 1.0007593631744385, 0.8669083118438721, 0.8422049283981323, 0.7658072113990784, 0.8065575957298279, 0.8785998821258545, 0.8246088027954102, 0.8724705576896667, 0.7488834857940674, 0.8673979043960571, 0.7506897449493408, 0.7292529344558716, 0.7118646502494812, 0.8108854293823242, 0.8097385764122009], [0.8476800322532654, 0.7277114987373352, 0.8061715960502625, 0.8197159767150879, 0.8633556962013245, 0.8669083118438721, 0.9980552196502686, 0.8312650322914124, 0.7885775566101074, 0.7959232330322266, 0.848893404006958, 0.7880350947380066, 0.8395094275474548, 0.7423774003982544, 0.8231401443481445, 0.8088485598564148, 0.7502738833427429, 0.6704331636428833, 0.8057739734649658, 0.8153399229049683], [0.9354023933410645, 0.7956581115722656, 0.8737717866897583, 0.8277466297149658, 0.8768253326416016, 0.8422049283981323, 0.8312650322914124, 0.9972748160362244, 0.7829854488372803, 0.8593727350234985, 0.89631187915802, 0.8186637759208679, 0.8961315751075745, 0.761223316192627, 0.950065553188324, 0.8359270095825195, 0.8392536640167236, 0.7752260565757751, 0.8616997599601746, 0.8189653158187866], [0.799795389175415, 0.8078131079673767, 0.7148358821868896, 0.7080245018005371, 0.8616217374801636, 0.7658072113990784, 0.7885775566101074, 0.7829854488372803, 0.9950413703918457, 0.7622655630111694, 0.7767144441604614, 0.7451999187469482, 0.7683900594711304, 0.7870365381240845, 0.75002521276474, 0.7721347808837891, 0.8358977437019348, 0.6331096291542053, 0.7843115329742432, 0.8696401119232178], [0.8418806195259094, 0.8048446178436279, 0.9413646459579468, 0.7912557125091553, 0.8502946496009827, 0.8065575361251831, 0.7959232330322266, 0.8593727350234985, 0.7622655630111694, 1.0023643970489502, 0.8405114412307739, 0.8550302982330322, 0.834036648273468, 0.751745343208313, 0.8711318969726562, 0.7506929039955139, 0.8470434546470642, 0.6389644145965576, 0.7869694232940674, 0.7363187670707703], [0.9063977599143982, 0.7761473655700684, 0.8540825843811035, 0.8632533550262451, 0.8593964576721191, 0.8785998821258545, 0.848893404006958, 0.89631187915802, 0.7767144441604614, 0.8405114412307739, 1.0015285015106201, 0.8067923188209534, 0.889897346496582, 0.7787589430809021, 0.8934271931648254, 0.7842452526092529, 0.802030622959137, 0.7275864481925964, 0.8219498991966248, 0.8032465577125549], [0.8367830514907837, 0.7683807015419006, 0.8833644986152649, 0.7467958331108093, 0.831992506980896, 0.8246088027954102, 0.7880350947380066, 0.8186637759208679, 0.7451999187469482, 0.8550302982330322, 0.8067923188209534, 1.0059705972671509, 0.8456059098243713, 0.7902216911315918, 0.8384124636650085, 0.7673882246017456, 0.7758848667144775, 0.6439663767814636, 0.7838572859764099, 0.8081701397895813], [0.8921233415603638, 0.733286440372467, 0.8459961414337158, 0.8164771795272827, 0.8543432354927063, 0.8724705576896667, 0.8395094275474548, 0.8961315751075745, 0.7683900594711304, 0.834036648273468, 0.889897346496582, 0.8456059098243713, 0.9932021498680115, 0.7498975992202759, 0.9103685617446899, 0.7938618659973145, 0.7939209938049316, 0.7233895659446716, 0.8071998357772827, 0.787519633769989], [0.7938669919967651, 0.8184655904769897, 0.7644435167312622, 0.6937021613121033, 0.7816586494445801, 0.7488834857940674, 0.7423772811889648, 0.761223316192627, 0.7870365381240845, 0.751745343208313, 0.7787589430809021, 0.7902216911315918, 0.7498975992202759, 0.995059072971344, 0.7752058506011963, 0.7784328460693359, 0.7773576974868774, 0.610011100769043, 0.7715878486633301, 0.8092890977859497], [0.92854905128479, 0.7953469753265381, 0.8883702158927917, 0.8282763361930847, 0.8688859939575195, 0.8673979043960571, 0.8231401443481445, 0.950065553188324, 0.75002521276474, 0.8711318969726562, 0.8934271931648254, 0.8384124636650085, 0.9103685021400452, 0.7752058506011963, 1.004402756690979, 0.8103720545768738, 0.830837070941925, 0.7566964626312256, 0.8462357521057129, 0.8037905693054199], [0.821546733379364, 0.7492594122886658, 0.7611597180366516, 0.7122443914413452, 0.8160380125045776, 0.7506897449493408, 0.8088485598564148, 0.8359270095825195, 0.7721346616744995, 0.7506929039955139, 0.7842452526092529, 0.7673882246017456, 0.7938618659973145, 0.7784328460693359, 0.8103720545768738, 0.9943094253540039, 0.7848870158195496, 0.6662440299987793, 0.8733047842979431, 0.79865562915802], [0.8131076693534851, 0.8789331316947937, 0.7883355617523193, 0.7465187907218933, 0.8119757175445557, 0.7292529344558716, 0.7502738833427429, 0.8392536640167236, 0.8358976244926453, 0.8470434546470642, 0.802030622959137, 0.7758848667144775, 0.7939209938049316, 0.7773576974868774, 0.830837070941925, 0.7848870158195496, 0.9958719611167908, 0.664196252822876, 0.786624550819397, 0.7538057565689087], [0.7584606409072876, 0.5912860631942749, 0.6779211163520813, 0.6633678674697876, 0.6948639154434204, 0.7118646502494812, 0.6704331636428833, 0.7752260565757751, 0.6331096291542053, 0.6389644145965576, 0.7275864481925964, 0.6439663767814636, 0.7233895659446716, 0.610011100769043, 0.7566964626312256, 0.6662440299987793, 0.6641961932182312, 0.9985855221748352, 0.7140557765960693, 0.6841627359390259], [0.8408904671669006, 0.7528446912765503, 0.8076815605163574, 0.7441374659538269, 0.8773061037063599, 0.8108854293823242, 0.8057739734649658, 0.8616997599601746, 0.7843115329742432, 0.7869694232940674, 0.8219498991966248, 0.7838572859764099, 0.8071998357772827, 0.7715878486633301, 0.8462357521057129, 0.8733047842979431, 0.786624550819397, 0.7140557765960693, 0.9958214163780212, 0.8160281181335449], [0.8450267910957336, 0.7450980544090271, 0.7527657747268677, 0.7201852202415466, 0.8793148994445801, 0.8097385764122009, 0.8153399229049683, 0.8189653158187866, 0.8696401119232178, 0.7363187670707703, 0.8032464981079102, 0.8081701397895813, 0.787519633769989, 0.8092890977859497, 0.8037905693054199, 0.79865562915802, 0.7538057565689087, 0.6841627359390259, 0.8160282373428345, 1.0056899785995483]]}
{"idx": 2, "question": "Tell me the plot line in 5 sentences for a romcom movie set in rural Kansas for Easter.", "score": [[0.9955535531044006, 0.8059090375900269, 0.8538432121276855, 0.8537463545799255, 0.8643110394477844, 0.8375627994537354, 0.8667595386505127, 0.7776459455490112, 0.8876743316650391, 0.8616946935653687, 0.7210699915885925, 0.8270693421363831, 0.770420253276825, 0.8356660008430481, 0.8629080057144165, 0.8557574152946472, 0.8709524869918823, 0.7994228005409241, 0.8100404739379883, 0.9185954332351685], [0.8059090375900269, 1.0073832273483276, 0.8387274742126465, 0.8287298083305359, 0.8257480263710022, 0.814793050289154, 0.8488928079605103, 0.8104195594787598, 0.875452995300293, 0.7419198155403137, 0.6645303964614868, 0.8473492860794067, 0.7697161436080933, 0.8562376499176025, 0.8819869756698608, 0.7993147969245911, 0.8546434640884399, 0.7862429618835449, 0.8110226392745972, 0.8405898809432983], [0.8538432121276855, 0.8387274742126465, 0.9954910278320312, 0.8662042617797852, 0.8334569931030273, 0.8429028987884521, 0.8773640394210815, 0.7800765037536621, 0.8541309833526611, 0.7740366458892822, 0.7490708231925964, 0.8838224411010742, 0.7853873372077942, 0.8313252329826355, 0.8745517730712891, 0.886151909828186, 0.8367140293121338, 0.8043009042739868, 0.8356691598892212, 0.8825268745422363], [0.8537463545799255, 0.8287298083305359, 0.8662042617797852, 0.9988970756530762, 0.8381778001785278, 0.859687328338623, 0.8638085722923279, 0.7720006704330444, 0.8874486088752747, 0.7476924061775208, 0.7083524465560913, 0.8393984436988831, 0.7931331992149353, 0.8499742150306702, 0.8741817474365234, 0.8626168370246887, 0.8587526082992554, 0.8053498864173889, 0.7899357080459595, 0.8928361535072327], [0.8643110394477844, 0.8257480263710022, 0.8334569931030273, 0.8381778001785278, 1.0033822059631348, 0.8231894373893738, 0.8793012499809265, 0.7550052404403687, 0.8814831376075745, 0.751197874546051, 0.7229149341583252, 0.8375805020332336, 0.7676303386688232, 0.8801401853561401, 0.8884680867195129, 0.8379621505737305, 0.8935566544532776, 0.8551307320594788, 0.799730658531189, 0.8904447555541992], [0.8375627994537354, 0.814793050289154, 0.8429028987884521, 0.859687328338623, 0.8231894373893738, 0.9938874840736389, 0.8653207421302795, 0.7533843517303467, 0.8776674270629883, 0.8130932450294495, 0.7448640465736389, 0.8535327315330505, 0.7270260453224182, 0.8632525205612183, 0.8651000261306763, 0.8357888460159302, 0.8409351110458374, 0.8292831778526306, 0.845603883266449, 0.8407291173934937], [0.8667595386505127, 0.8488928079605103, 0.8773640394210815, 0.8638085722923279, 0.8793012499809265, 0.8653207421302795, 1.0022261142730713, 0.8081231117248535, 0.8963149189949036, 0.7888021469116211, 0.779545247554779, 0.8662959337234497, 0.7794672846794128, 0.881567656993866, 0.8935954570770264, 0.8593941330909729, 0.853560209274292, 0.831932544708252, 0.8651247024536133, 0.920684814453125], [0.7776459455490112, 0.8104195594787598, 0.7800765037536621, 0.7720006704330444, 0.7550052404403687, 0.7533843517303467, 0.8081231117248535, 0.9976139068603516, 0.8145561814308167, 0.71773362159729, 0.6625282168388367, 0.7743172645568848, 0.8151527047157288, 0.7729533910751343, 0.7900781631469727, 0.7926462888717651, 0.7945638298988342, 0.8308029174804688, 0.7869360446929932, 0.8175665140151978], [0.8876743316650391, 0.875452995300293, 0.8541309833526611, 0.8874486088752747, 0.8814831376075745, 0.8776674270629883, 0.8963149189949036, 0.8145561218261719, 0.9990736842155457, 0.8265495896339417, 0.7145722508430481, 0.8790220618247986, 0.8060062527656555, 0.8900713324546814, 0.8959437012672424, 0.8678370714187622, 0.9025967717170715, 0.8487797975540161, 0.848369300365448, 0.9239693880081177], [0.8616946935653687, 0.7419199347496033, 0.7740366458892822, 0.7476924061775208, 0.751197874546051, 0.8130932450294495, 0.7888021469116211, 0.71773362159729, 0.8265495896339417, 0.9980469346046448, 0.7018740773200989, 0.7376679182052612, 0.6701639294624329, 0.7824280858039856, 0.7879084348678589, 0.7482312917709351, 0.7934490442276001, 0.7429453134536743, 0.7804531455039978, 0.790703296661377], [0.7210699915885925, 0.6645303964614868, 0.7490708231925964, 0.7083524465560913, 0.7229149341583252, 0.7448640465736389, 0.779545247554779, 0.6625282168388367, 0.7145722508430481, 0.7018740773200989, 0.9997466206550598, 0.698840856552124, 0.6418778896331787, 0.7631484270095825, 0.7215619683265686, 0.7588672041893005, 0.6969950795173645, 0.7147022485733032, 0.7371472716331482, 0.7259794473648071], [0.8270693421363831, 0.8473492860794067, 0.8838224411010742, 0.8393984436988831, 0.8375805020332336, 0.8535327315330505, 0.8662959337234497, 0.7743173241615295, 0.8790220618247986, 0.7376679182052612, 0.698840856552124, 1.007362723350525, 0.7517275810241699, 0.8813332319259644, 0.8611621260643005, 0.8510574698448181, 0.8379020094871521, 0.8057029843330383, 0.8216835856437683, 0.8739863634109497], [0.770420253276825, 0.7697161436080933, 0.7853873372077942, 0.7931331992149353, 0.7676303386688232, 0.7270260453224182, 0.7794672846794128, 0.8151527047157288, 0.8060062527656555, 0.6701639294624329, 0.6418778896331787, 0.7517275810241699, 0.9983358383178711, 0.7547202706336975, 0.7623378038406372, 0.7657837867736816, 0.8030540347099304, 0.7814075350761414, 0.7526103854179382, 0.8303766250610352], [0.8356660008430481, 0.8562376499176025, 0.8313252329826355, 0.8499742150306702, 0.8801401853561401, 0.8632525205612183, 0.881567656993866, 0.7729533910751343, 0.8900713324546814, 0.7824280858039856, 0.7631484270095825, 0.8813332319259644, 0.7547202706336975, 1.0021086931228638, 0.8733087182044983, 0.8384632468223572, 0.87220299243927, 0.82221519947052, 0.8246922492980957, 0.8780453205108643], [0.8629080057144165, 0.8819869756698608, 0.8745517730712891, 0.8741818070411682, 0.8884680867195129, 0.8651000261306763, 0.8935954570770264, 0.7900781631469727, 0.8959437012672424, 0.7879084348678589, 0.7215619683265686, 0.8611621260643005, 0.7623378038406372, 0.8733087182044983, 0.9953927397727966, 0.8258935809135437, 0.8820762038230896, 0.8214308023452759, 0.8247274160385132, 0.8798477649688721], [0.8557574152946472, 0.7993147969245911, 0.8861519694328308, 0.8626168370246887, 0.8379621505737305, 0.8357888460159302, 0.8593941330909729, 0.7926462888717651, 0.8678370714187622, 0.7482312917709351, 0.7588672041893005, 0.8510574698448181, 0.7657837867736816, 0.8384632468223572, 0.8258935809135437, 0.9967336058616638, 0.8398178815841675, 0.8010382652282715, 0.7884372472763062, 0.8843462467193604], [0.8709524869918823, 0.8546434640884399, 0.8367140293121338, 0.8587526082992554, 0.8935566544532776, 0.8409351110458374, 0.853560209274292, 0.7945638298988342, 0.9025967717170715, 0.7934491038322449, 0.6969950795173645, 0.8379020094871521, 0.8030540347099304, 0.87220299243927, 0.8820762038230896, 0.8398178815841675, 1.0047940015792847, 0.8302823305130005, 0.7900804281234741, 0.8829553127288818], [0.7994228005409241, 0.7862429618835449, 0.8043009042739868, 0.8053498864173889, 0.8551307320594788, 0.8292831778526306, 0.831932544708252, 0.8308029174804688, 0.8487797975540161, 0.7429453134536743, 0.7147022485733032, 0.8057029843330383, 0.7814075350761414, 0.82221519947052, 0.8214308023452759, 0.8010382652282715, 0.8302823305130005, 0.9955679178237915, 0.7769933938980103, 0.8302001953125], [0.8100404739379883, 0.8110226392745972, 0.8356691598892212, 0.7899357080459595, 0.799730658531189, 0.845603883266449, 0.8651247024536133, 0.7869360446929932, 0.848369300365448, 0.780453085899353, 0.7371472716331482, 0.8216835856437683, 0.7526103854179382, 0.8246922492980957, 0.8247274160385132, 0.7884372472763062, 0.7900803089141846, 0.7769933938980103, 0.9973303079605103, 0.8431263566017151], [0.9185954332351685, 0.8405898809432983, 0.8825268745422363, 0.8928361535072327, 0.8904447555541992, 0.8407291173934937, 0.9206846952438354, 0.817566454410553, 0.9239693880081177, 0.790703296661377, 0.7259794473648071, 0.8739863038063049, 0.8303766250610352, 0.8780453205108643, 0.8798477649688721, 0.8843462467193604, 0.8829553127288818, 0.8302001953125, 0.8431263566017151, 1.0022143125534058]]}
{"idx": 3, "question": "Write a haiku about a whale and a walnut tree.", "score": [[0.9980422854423523, 0.8674071431159973, 0.8300509452819824, 0.9036913514137268, 0.913601815700531, 0.9513982534408569, 0.8970431685447693, 0.9118981957435608, 0.9006078243255615, 0.8560034036636353, 0.9210412502288818, 0.9389309287071228, 0.8369033336639404, 0.9215923547744751, 0.9011510610580444, 0.9235413670539856, 0.9015982151031494, 0.934335470199585, 0.8298624753952026, 0.9099867343902588], [0.8674071431159973, 1.0068509578704834, 0.8094980120658875, 0.8779709339141846, 0.8750548958778381, 0.8963560461997986, 0.8500887751579285, 0.8807128667831421, 0.8683339357376099, 0.8376317620277405, 0.8485491275787354, 0.8618677258491516, 0.8517348766326904, 0.8953112363815308, 0.8693806529045105, 0.881294846534729, 0.8925641775131226, 0.8747250437736511, 0.7929381728172302, 0.8641529083251953], [0.8300509452819824, 0.8094980120658875, 1.0069828033447266, 0.7913373112678528, 0.8199002146720886, 0.8348915576934814, 0.8066956400871277, 0.8019407987594604, 0.8073412775993347, 0.7933043837547302, 0.799547553062439, 0.8507089018821716, 0.7868728637695312, 0.8285581469535828, 0.8175643682479858, 0.8085536956787109, 0.8050161600112915, 0.8121298551559448, 0.7609152793884277, 0.8127211332321167], [0.9036913514137268, 0.8779709339141846, 0.7913373112678528, 1.0071333646774292, 0.8573296070098877, 0.9173834919929504, 0.8952041268348694, 0.9291735887527466, 0.898774266242981, 0.8506123423576355, 0.8907163739204407, 0.8734732270240784, 0.879347562789917, 0.8842720985412598, 0.8618553876876831, 0.935719907283783, 0.9170775413513184, 0.9310868382453918, 0.8496245741844177, 0.9146742224693298], [0.913601815700531, 0.8750548958778381, 0.8199002146720886, 0.8573296070098877, 0.9940396547317505, 0.9037674069404602, 0.8955610990524292, 0.8852676153182983, 0.9181239604949951, 0.8975270390510559, 0.840204119682312, 0.9331806898117065, 0.8752720355987549, 0.9625459909439087, 0.9511593580245972, 0.9207172393798828, 0.8946850299835205, 0.8942297697067261, 0.8516762256622314, 0.8829973936080933], [0.9513982534408569, 0.8963560461997986, 0.8348915576934814, 0.9173834919929504, 0.9037674069404602, 1.006016731262207, 0.8916747570037842, 0.9421868324279785, 0.8922902941703796, 0.8684355616569519, 0.9332269430160522, 0.9249476194381714, 0.8514274954795837, 0.9215279817581177, 0.9085884094238281, 0.9150509834289551, 0.9105822443962097, 0.925636351108551, 0.8280553817749023, 0.9099164009094238], [0.8970431685447693, 0.8500887751579285, 0.8066956400871277, 0.8952041268348694, 0.8955610990524292, 0.8916747570037842, 0.9939183592796326, 0.883461594581604, 0.9170292019844055, 0.8322461843490601, 0.860651969909668, 0.8694280385971069, 0.8557095527648926, 0.9051450490951538, 0.8719491958618164, 0.9151914119720459, 0.9010125994682312, 0.8970948457717896, 0.8485810160636902, 0.9037394523620605], [0.9118981957435608, 0.8807128667831421, 0.8019407987594604, 0.9291735887527466, 0.8852676153182983, 0.9421868324279785, 0.883461594581604, 1.005656123161316, 0.9347267746925354, 0.9053390026092529, 0.9115881323814392, 0.9075900316238403, 0.8740215301513672, 0.8962183594703674, 0.887042760848999, 0.9377087950706482, 0.9041853547096252, 0.9305471181869507, 0.8631462454795837, 0.9285447001457214], [0.9006078243255615, 0.8683339357376099, 0.8073412775993347, 0.898774266242981, 0.9181239604949951, 0.8922901749610901, 0.9170292019844055, 0.9347267746925354, 1.0039570331573486, 0.9100165367126465, 0.8775789141654968, 0.921093225479126, 0.8882785439491272, 0.9262759685516357, 0.9123315215110779, 0.9545364379882812, 0.9105682969093323, 0.8985093832015991, 0.891587495803833, 0.9035263061523438], [0.8560034036636353, 0.8376317024230957, 0.7933045029640198, 0.8506122827529907, 0.8975270390510559, 0.8684355616569519, 0.8322461843490601, 0.9053390026092529, 0.9100165963172913, 1.0027648210525513, 0.8178574442863464, 0.8834053874015808, 0.9042971134185791, 0.8730834126472473, 0.880563497543335, 0.9032545685768127, 0.8790960907936096, 0.888899564743042, 0.8593634963035583, 0.8684727549552917], [0.9210412502288818, 0.8485491275787354, 0.799547553062439, 0.8907164335250854, 0.840204119682312, 0.9332269430160522, 0.860651969909668, 0.9115881323814392, 0.877578854560852, 0.8178574442863464, 0.9999837875366211, 0.8748759031295776, 0.8013652563095093, 0.8629679083824158, 0.8492081761360168, 0.8913276195526123, 0.8684675693511963, 0.8926723003387451, 0.8001219034194946, 0.874335527420044], [0.9389309287071228, 0.8618677258491516, 0.8507089018821716, 0.8734732270240784, 0.9331806898117065, 0.9249476194381714, 0.8694280385971069, 0.9075900316238403, 0.921093225479126, 0.8834053874015808, 0.8748759031295776, 1.0030767917633057, 0.8313676118850708, 0.9502843022346497, 0.9333511590957642, 0.9147761464118958, 0.8847159743309021, 0.8912702202796936, 0.8511443734169006, 0.8789771199226379], [0.8369033336639404, 0.8517348766326904, 0.7868728637695312, 0.879347562789917, 0.8752720355987549, 0.8514274954795837, 0.8557095527648926, 0.8740215301513672, 0.8882785439491272, 0.9042971134185791, 0.8013652563095093, 0.8313676118850708, 1.0036957263946533, 0.8562024235725403, 0.8704298734664917, 0.9105864763259888, 0.9014981985092163, 0.9113216400146484, 0.8675811886787415, 0.8976280689239502], [0.9215923547744751, 0.8953112363815308, 0.8285582065582275, 0.8842720985412598, 0.9625459909439087, 0.9215279817581177, 0.9051450490951538, 0.8962183594703674, 0.9262759685516357, 0.8730834126472473, 0.8629679083824158, 0.9502843022346497, 0.8562024235725403, 0.9946666955947876, 0.9594714641571045, 0.9295705556869507, 0.9170705080032349, 0.8959699869155884, 0.8469870686531067, 0.883183479309082], [0.9011510610580444, 0.8693806529045105, 0.8175643682479858, 0.8618553876876831, 0.9511593580245972, 0.9085884094238281, 0.871949315071106, 0.887042760848999, 0.9123315215110779, 0.880563497543335, 0.8492081761360168, 0.9333511590957642, 0.8704298734664917, 0.9594714641571045, 0.9991315007209778, 0.9213643074035645, 0.8995140790939331, 0.8770290017127991, 0.8414279818534851, 0.8630184531211853], [0.9235413670539856, 0.881294846534729, 0.8085536956787109, 0.935719907283783, 0.9207172393798828, 0.9150509834289551, 0.9151914119720459, 0.9377087950706482, 0.9545364379882812, 0.903254508972168, 0.8913276195526123, 0.9147761464118958, 0.9105864763259888, 0.9295705556869507, 0.9213643074035645, 1.0004440546035767, 0.9327583312988281, 0.9431902170181274, 0.8978548049926758, 0.9309874773025513], [0.9015982151031494, 0.8925641775131226, 0.8050161600112915, 0.9170775413513184, 0.8946849703788757, 0.9105822443962097, 0.9010125994682312, 0.9041853547096252, 0.9105682969093323, 0.8790960907936096, 0.8684675693511963, 0.8847159743309021, 0.9014981985092163, 0.9170705080032349, 0.8995140790939331, 0.9327583312988281, 1.0044456720352173, 0.924067497253418, 0.8605552315711975, 0.912212610244751], [0.934335470199585, 0.8747250437736511, 0.8121298551559448, 0.9310868382453918, 0.8942297697067261, 0.925636351108551, 0.8970948457717896, 0.9305471181869507, 0.8985093832015991, 0.888899564743042, 0.8926723003387451, 0.8912702202796936, 0.9113216400146484, 0.8959699869155884, 0.8770290017127991, 0.9431902170181274, 0.924067497253418, 0.9999819993972778, 0.8426057696342468, 0.9436880946159363], [0.8298624753952026, 0.7929381132125854, 0.7609152793884277, 0.8496245741844177, 0.851676344871521, 0.8280553817749023, 0.8485810160636902, 0.8631462454795837, 0.891587495803833, 0.8593634963035583, 0.8001219034194946, 0.8511443734169006, 0.8675811886787415, 0.8469870686531067, 0.8414279222488403, 0.8978548049926758, 0.8605552315711975, 0.8426057696342468, 0.9962552189826965, 0.8871036171913147], [0.9099867343902588, 0.8641529679298401, 0.8127211332321167, 0.9146742224693298, 0.8829973936080933, 0.9099164009094238, 0.9037394523620605, 0.9285447001457214, 0.9035263061523438, 0.8684727549552917, 0.8743355870246887, 0.8789771199226379, 0.8976280689239502, 0.8831835389137268, 0.8630184531211853, 0.9309874773025513, 0.9122126698493958, 0.9436880946159363, 0.8871036171913147, 1.001001000404358]]}
{"idx": 4, "question": "Write a short love poem with 4 lines.", "score": [[0.9943195581436157, 0.8292356133460999, 0.8166105151176453, 0.8851986527442932, 0.8407220244407654, 0.8401166796684265, 0.803326427936554, 0.7571974396705627, 0.8557767271995544, 0.7500180006027222, 0.8724837303161621, 0.7591925263404846, 0.8325648903846741, 0.7768930792808533, 0.8763171434402466, 0.8381141424179077, 0.7515376210212708, 0.7814468145370483, 0.8663936257362366], [0.8292356133460999, 0.993519127368927, 0.859409749507904, 0.8905544281005859, 0.9349156022071838, 0.8694318532943726, 0.7960644960403442, 0.7651477456092834, 0.8415224552154541, 0.8101345896720886, 0.834857702255249, 0.8155274987220764, 0.9736073017120361, 0.8513538837432861, 0.8685029149055481, 0.859758734703064, 0.8983622193336487, 0.7994270324707031, 0.8367200493812561], [0.8166105151176453, 0.859409749507904, 0.9935342073440552, 0.8556551933288574, 0.8668302893638611, 0.8511516451835632, 0.8443289995193481, 0.8454337120056152, 0.861987829208374, 0.8009777665138245, 0.816775381565094, 0.7927142977714539, 0.836584210395813, 0.8401902914047241, 0.8333731293678284, 0.8648949265480042, 0.8241087794303894, 0.8138534426689148, 0.8224200010299683], [0.8851986527442932, 0.8905544281005859, 0.8556551933288574, 1.00279700756073, 0.8850827217102051, 0.8940017819404602, 0.8009195327758789, 0.7808693051338196, 0.8569541573524475, 0.7933404445648193, 0.8805423974990845, 0.8008970022201538, 0.8847076892852783, 0.8657926917076111, 0.892820417881012, 0.8818525075912476, 0.8238864541053772, 0.8230661749839783, 0.8981066346168518], [0.8407220244407654, 0.9349157214164734, 0.8668302893638611, 0.8850827813148499, 1.0051852464675903, 0.9026494026184082, 0.8272402286529541, 0.7917590141296387, 0.8730258941650391, 0.8076790571212769, 0.8484228253364563, 0.8068585991859436, 0.9332095384597778, 0.8490338921546936, 0.872840166091919, 0.8639722466468811, 0.8702614307403564, 0.8129687309265137, 0.8667307496070862], [0.8401166796684265, 0.8694318532943726, 0.8511516451835632, 0.8940017819404602, 0.9026494026184082, 1.006504774093628, 0.8313428163528442, 0.8129653334617615, 0.8467252850532532, 0.7928026914596558, 0.8349449038505554, 0.7950103282928467, 0.8615382313728333, 0.8776822686195374, 0.8621386289596558, 0.8787151575088501, 0.8280830979347229, 0.8462774157524109, 0.8832112550735474], [0.803326427936554, 0.7960644364356995, 0.8443289995193481, 0.8009195327758789, 0.8272402882575989, 0.8313428163528442, 1.0060640573501587, 0.8357256054878235, 0.772682785987854, 0.7490845322608948, 0.7695232629776001, 0.7599202990531921, 0.7998826503753662, 0.779621422290802, 0.8083855509757996, 0.874599277973175, 0.7825331091880798, 0.7883363962173462, 0.7718595266342163], [0.7571974396705627, 0.7651476860046387, 0.8454337120056152, 0.7808693051338196, 0.7917590141296387, 0.8129653334617615, 0.8357256054878235, 0.9930076599121094, 0.77851402759552, 0.791160523891449, 0.7486227750778198, 0.777509868144989, 0.7596243619918823, 0.7777577042579651, 0.7882508635520935, 0.8501008152961731, 0.8109925389289856, 0.8283477425575256, 0.7726380825042725], [0.8557767271995544, 0.8415224552154541, 0.8619877099990845, 0.8569541573524475, 0.8730258941650391, 0.8467252850532532, 0.7726828455924988, 0.77851402759552, 0.9970464706420898, 0.8114058971405029, 0.8561318516731262, 0.7980705499649048, 0.8412573933601379, 0.8141520023345947, 0.8732392191886902, 0.824073851108551, 0.8360739350318909, 0.8163936138153076, 0.8692796230316162], [0.7500180006027222, 0.8101345896720886, 0.8009778261184692, 0.7933404445648193, 0.8076790571212769, 0.7928026914596558, 0.7490845322608948, 0.791160523891449, 0.8114058971405029, 1.0073540210723877, 0.754677951335907, 0.9499175548553467, 0.7936397790908813, 0.7758107781410217, 0.8290577530860901, 0.8496679663658142, 0.8331490755081177, 0.8581377863883972, 0.795415997505188], [0.8724837303161621, 0.834857702255249, 0.816775381565094, 0.8805423974990845, 0.8484228253364563, 0.8349449038505554, 0.7695232629776001, 0.7486227750778198, 0.8561318516731262, 0.754677951335907, 0.9978097677230835, 0.7595599293708801, 0.8379610776901245, 0.7963840961456299, 0.8595753908157349, 0.8281067609786987, 0.7758557796478271, 0.7800490856170654, 0.8467080593109131], [0.7591925263404846, 0.8155274987220764, 0.7927142977714539, 0.8008970022201538, 0.8068585991859436, 0.7950102090835571, 0.7599202990531921, 0.777509868144989, 0.7980706095695496, 0.9499175548553467, 0.7595599293708801, 1.0054088830947876, 0.809156596660614, 0.7693561911582947, 0.8585135340690613, 0.8387739658355713, 0.8299200534820557, 0.8431323170661926, 0.7867637276649475], [0.8325648903846741, 0.9736073017120361, 0.836584210395813, 0.8847076892852783, 0.9332095384597778, 0.8615382313728333, 0.7998826503753662, 0.7596243619918823, 0.8412573933601379, 0.7936398983001709, 0.8379610776901245, 0.809156596660614, 1.0072157382965088, 0.8501690030097961, 0.8742926120758057, 0.8519188761711121, 0.8987166285514832, 0.7950425148010254, 0.8354575634002686], [0.7768930792808533, 0.8513538837432861, 0.8401902914047241, 0.8657926917076111, 0.8490338921546936, 0.8776822686195374, 0.779621422290802, 0.7777577042579651, 0.8141520023345947, 0.7758107781410217, 0.7963840961456299, 0.7693561911582947, 0.8501690030097961, 0.9940246343612671, 0.8154801726341248, 0.8349698781967163, 0.8275846242904663, 0.8233051300048828, 0.8334264159202576], [0.8763171434402466, 0.8685029149055481, 0.8333731293678284, 0.892820417881012, 0.872840166091919, 0.8621386289596558, 0.8083856701850891, 0.7882508635520935, 0.8732392191886902, 0.8290578126907349, 0.8595753908157349, 0.8585135340690613, 0.8742926120758057, 0.8154801726341248, 0.9990448355674744, 0.8445903062820435, 0.8345041275024414, 0.8266926407814026, 0.87666916847229], [0.8381141424179077, 0.8597586154937744, 0.8648949265480042, 0.8818525075912476, 0.8639722466468811, 0.8787151575088501, 0.874599277973175, 0.8501008152961731, 0.824073851108551, 0.8496679663658142, 0.8281067609786987, 0.8387739658355713, 0.8519188761711121, 0.8349698781967163, 0.8445903062820435, 1.0056390762329102, 0.8475452065467834, 0.8621935248374939, 0.8325515985488892], [0.7515376210212708, 0.8983622789382935, 0.8241087198257446, 0.8238864541053772, 0.8702614307403564, 0.8280831575393677, 0.7825329899787903, 0.8109925985336304, 0.8360739350318909, 0.8331491947174072, 0.7758557796478271, 0.8299199342727661, 0.8987166881561279, 0.8275846242904663, 0.834504246711731, 0.8475452661514282, 1.0059326887130737, 0.7984485626220703, 0.780908465385437], [0.7814467549324036, 0.799426794052124, 0.8138534426689148, 0.8230661153793335, 0.8129687905311584, 0.84627765417099, 0.788336455821991, 0.8283476829528809, 0.8163936734199524, 0.8581377267837524, 0.7800490856170654, 0.8431323170661926, 0.7950425744056702, 0.8233052492141724, 0.8266928195953369, 0.8621934056282043, 0.7984485626220703, 0.9995821118354797, 0.8298423886299133], [0.8663935661315918, 0.8367199301719666, 0.8224200010299683, 0.898106575012207, 0.8667308688163757, 0.8832112550735474, 0.7718595266342163, 0.7726381421089172, 0.8692798018455505, 0.795415997505188, 0.8467078804969788, 0.7867636680603027, 0.8354576230049133, 0.8334263563156128, 0.8766691088676453, 0.8325515389442444, 0.780908465385437, 0.8298423290252686, 1.002601146697998]]}
