{"idx": 0, "question": "Tell me a story in five sentences about a girl and her dog.", "score": [[0.9979643821716309, 0.7576379776000977, 0.687804639339447, 0.7810465693473816, 0.7030883431434631, 0.7828611731529236, 0.793553352355957, 0.8478463292121887, 0.7408021092414856, 0.8406798839569092, 0.8423011302947998, 0.6914493441581726, 0.7656340599060059, 0.8420891165733337, 0.6902598738670349, 0.7762601971626282, 0.7808458805084229, 0.8667700290679932, 0.8196886777877808, 0.7348382472991943], [0.7576379776000977, 0.9947841167449951, 0.8020636439323425, 0.8658051490783691, 0.7992296814918518, 0.7630825042724609, 0.7582607865333557, 0.789505660533905, 0.7653579115867615, 0.8340447545051575, 0.7566978931427002, 0.683634877204895, 0.8548727631568909, 0.7608906626701355, 0.7867773771286011, 0.8672834634780884, 0.8337502479553223, 0.7897458672523499, 0.7821872234344482, 0.7796979546546936], [0.687804639339447, 0.8020636439323425, 0.994316041469574, 0.8654381036758423, 0.8519324660301208, 0.7645792961120605, 0.8187269568443298, 0.6982730031013489, 0.7312546968460083, 0.7587653398513794, 0.7180683016777039, 0.7481018900871277, 0.7785355448722839, 0.7055556774139404, 0.6878564953804016, 0.8204458355903625, 0.8688862919807434, 0.7577139735221863, 0.754478931427002, 0.7819428443908691], [0.7810465693473816, 0.8658051490783691, 0.8654381036758423, 1.0028879642486572, 0.8622156381607056, 0.8095015287399292, 0.788429856300354, 0.7848870754241943, 0.7863402366638184, 0.8320121765136719, 0.7936480641365051, 0.7255153656005859, 0.8410689830780029, 0.7787593603134155, 0.7676464915275574, 0.8773790597915649, 0.901349663734436, 0.8092825412750244, 0.7933785319328308, 0.824169933795929], [0.7030883431434631, 0.7992296814918518, 0.8519324660301208, 0.8622156381607056, 1.0061883926391602, 0.7589477896690369, 0.7489764094352722, 0.7774360179901123, 0.801578164100647, 0.7827558517456055, 0.7503457069396973, 0.703071117401123, 0.8367801904678345, 0.7294571995735168, 0.7398622632026672, 0.817570686340332, 0.8462763428688049, 0.7362502813339233, 0.7996933460235596, 0.7435993552207947], [0.7828611731529236, 0.7630825042724609, 0.7645792961120605, 0.8095015287399292, 0.7589477300643921, 1.0033338069915771, 0.8058986663818359, 0.8129962682723999, 0.8914248943328857, 0.9069129824638367, 0.8017503619194031, 0.6828818321228027, 0.7415313720703125, 0.8109574317932129, 0.7898470163345337, 0.848162055015564, 0.803278923034668, 0.7717189192771912, 0.8794468641281128, 0.8076509237289429], [0.793553352355957, 0.7582607865333557, 0.8187269568443298, 0.788429856300354, 0.7489764094352722, 0.8058986663818359, 1.0001966953277588, 0.8600213527679443, 0.6967250108718872, 0.7805532217025757, 0.7400803565979004, 0.7626647353172302, 0.7449953556060791, 0.7958550453186035, 0.756100058555603, 0.8028038144111633, 0.7723649740219116, 0.8637409210205078, 0.8482035994529724, 0.7457507848739624], [0.8478463292121887, 0.789505660533905, 0.6982730031013489, 0.7848870754241943, 0.7774359583854675, 0.8129962682723999, 0.8600213527679443, 0.9990947246551514, 0.780633807182312, 0.8249684572219849, 0.7899655103683472, 0.7072643041610718, 0.7999476194381714, 0.8428164720535278, 0.8180909156799316, 0.8125928640365601, 0.8002339601516724, 0.8356031179428101, 0.8859851360321045, 0.75022292137146], [0.7408021092414856, 0.7653579115867615, 0.7312546968460083, 0.7863402366638184, 0.801578164100647, 0.8914248943328857, 0.6967250108718872, 0.780633807182312, 0.9926353693008423, 0.8882556557655334, 0.7918550372123718, 0.633834719657898, 0.7686219811439514, 0.7605878114700317, 0.7745298147201538, 0.8128220438957214, 0.8066402673721313, 0.7048596143722534, 0.8291361927986145, 0.7395408153533936], [0.8406798839569092, 0.834044873714447, 0.7587653398513794, 0.8320121765136719, 0.7827558517456055, 0.9069129824638367, 0.7805532217025757, 0.8249685764312744, 0.8882556557655334, 0.9995394945144653, 0.827707827091217, 0.6774742603302002, 0.787077009677887, 0.8018185496330261, 0.8201753497123718, 0.8631433248519897, 0.8217819333076477, 0.800896942615509, 0.8443570733070374, 0.8114849328994751], [0.8423011302947998, 0.7566978931427002, 0.7180683016777039, 0.7936480641365051, 0.7503456473350525, 0.8017503619194031, 0.7400803565979004, 0.7899655103683472, 0.7918550372123718, 0.827707827091217, 0.9928582310676575, 0.6809822916984558, 0.7928455471992493, 0.8100004196166992, 0.7331503033638, 0.7681695818901062, 0.797478973865509, 0.8048967123031616, 0.8423879146575928, 0.756125807762146], [0.6914493441581726, 0.683634877204895, 0.7481018900871277, 0.7255153656005859, 0.703071117401123, 0.6828818321228027, 0.7626647353172302, 0.7072643041610718, 0.633834719657898, 0.6774742603302002, 0.6809822916984558, 0.9961730241775513, 0.7215893864631653, 0.6829888820648193, 0.6740758419036865, 0.6824353337287903, 0.7133700251579285, 0.7571256160736084, 0.7745130062103271, 0.7113767266273499], [0.7656340599060059, 0.8548727631568909, 0.7785355448722839, 0.8410689830780029, 0.8367801904678345, 0.7415313720703125, 0.7449953556060791, 0.7999476194381714, 0.7686219811439514, 0.787077009677887, 0.7928455471992493, 0.7215893864631653, 1.0043679475784302, 0.8131383657455444, 0.7438652515411377, 0.774749219417572, 0.8223152756690979, 0.8184488415718079, 0.8136854767799377, 0.7518029808998108], [0.8420891165733337, 0.7608906626701355, 0.7055556774139404, 0.7787593603134155, 0.7294571995735168, 0.8109574913978577, 0.7958550453186035, 0.8428164720535278, 0.7605878114700317, 0.8018185496330261, 0.8100004196166992, 0.6829888820648193, 0.8131383657455444, 1.0009596347808838, 0.6875548958778381, 0.7810872793197632, 0.8028393387794495, 0.8532415628433228, 0.8540905714035034, 0.7935553193092346], [0.6902598738670349, 0.7867773771286011, 0.6878564953804016, 0.7676464915275574, 0.7398622632026672, 0.7898470163345337, 0.7561001181602478, 0.8180909156799316, 0.7745298147201538, 0.8201753497123718, 0.7331503033638, 0.6740758419036865, 0.7438652515411377, 0.6875548958778381, 1.006986379623413, 0.7861117124557495, 0.7323707342147827, 0.7161810398101807, 0.7994825839996338, 0.7582888603210449], [0.7762601971626282, 0.8672834634780884, 0.8204458355903625, 0.8773791193962097, 0.8175705671310425, 0.848162055015564, 0.8028038144111633, 0.8125928640365601, 0.8128220438957214, 0.8631433248519897, 0.7681695818901062, 0.6824353337287903, 0.774749219417572, 0.7810872793197632, 0.7861117124557495, 1.0060702562332153, 0.8817923069000244, 0.7595189809799194, 0.8276020884513855, 0.7692170739173889], [0.7808458805084229, 0.8337502479553223, 0.8688862919807434, 0.901349663734436, 0.8462763428688049, 0.803278923034668, 0.7723649740219116, 0.8002339601516724, 0.8066402673721313, 0.8217819333076477, 0.797478973865509, 0.7133700251579285, 0.8223152756690979, 0.8028393387794495, 0.7323707342147827, 0.8817923069000244, 1.0056023597717285, 0.7929025292396545, 0.8150126934051514, 0.8251521587371826], [0.8667700290679932, 0.7897458672523499, 0.7577139735221863, 0.8092825412750244, 0.7362502813339233, 0.7717189192771912, 0.8637409210205078, 0.8356031179428101, 0.7048596143722534, 0.800896942615509, 0.8048967123031616, 0.7571256160736084, 0.8184488415718079, 0.8532415628433228, 0.7161810398101807, 0.7595189809799194, 0.7929025292396545, 1.0065878629684448, 0.803197979927063, 0.7930252552032471], [0.8196886777877808, 0.7821872234344482, 0.754478931427002, 0.7933785319328308, 0.7996933460235596, 0.8794468641281128, 0.848203718662262, 0.8859851360321045, 0.8291361927986145, 0.8443570733070374, 0.8423879146575928, 0.7745129466056824, 0.8136854767799377, 0.8540905714035034, 0.7994825839996338, 0.8276020288467407, 0.8150126934051514, 0.803197979927063, 1.0078603029251099, 0.7789754867553711], [0.7348382472991943, 0.7796979546546936, 0.7819428443908691, 0.824169933795929, 0.7435993552207947, 0.8076508641242981, 0.7457507848739624, 0.75022292137146, 0.7395408153533936, 0.8114849328994751, 0.7561258673667908, 0.7113768458366394, 0.7518029808998108, 0.7935553193092346, 0.7582888603210449, 0.7692170739173889, 0.8251521587371826, 0.7930252552032471, 0.7789754271507263, 0.9970382452011108]]}
{"idx": 1, "question": "Tell me a story in five sentences about a boy and his dog.", "score": [[0.99355548620224, 0.7312130928039551, 0.8076984882354736, 0.7760592699050903, 0.7689679265022278, 0.7245377898216248, 0.7465040683746338, 0.7402963042259216, 0.7806541919708252, 0.7117048501968384, 0.6672580242156982, 0.7765969038009644, 0.7692111730575562, 0.807174801826477, 0.7451063394546509, 0.7436627745628357, 0.7242932319641113, 0.7441583871841431, 0.7799726724624634, 0.7581166625022888], [0.7312130928039551, 0.9998201131820679, 0.796562671661377, 0.8389102220535278, 0.7922053337097168, 0.8325485587120056, 0.8597833514213562, 0.8181799650192261, 0.778015673160553, 0.748349666595459, 0.677249014377594, 0.7398043274879456, 0.7509577870368958, 0.8040265440940857, 0.8104788661003113, 0.8159170150756836, 0.7863924503326416, 0.7369202971458435, 0.7840837240219116, 0.845026433467865], [0.8076984882354736, 0.796562671661377, 1.0023140907287598, 0.8148880004882812, 0.8618542551994324, 0.7682815194129944, 0.8794136643409729, 0.7949698567390442, 0.8357058763504028, 0.8083433508872986, 0.7422307729721069, 0.8063367605209351, 0.8227733969688416, 0.8955085277557373, 0.8446111083030701, 0.8135435581207275, 0.7515040040016174, 0.76935213804245, 0.7955957651138306, 0.8172978758811951], [0.7760592699050903, 0.8389102220535278, 0.8148880004882812, 1.007205843925476, 0.8407942056655884, 0.878516435623169, 0.8352558612823486, 0.8436245918273926, 0.8250756859779358, 0.777519166469574, 0.7865871787071228, 0.824333131313324, 0.8005359768867493, 0.8318284749984741, 0.8512798547744751, 0.871940016746521, 0.8520083427429199, 0.8609006404876709, 0.8531011343002319, 0.8575439453125], [0.7689679265022278, 0.7922053337097168, 0.8618542551994324, 0.8407942056655884, 0.996487021446228, 0.8627369403839111, 0.8359035849571228, 0.7937312126159668, 0.8500984907150269, 0.8554223775863647, 0.8146455883979797, 0.7904007434844971, 0.8062507510185242, 0.8596750497817993, 0.9224356412887573, 0.8559503555297852, 0.8501061797142029, 0.7702405452728271, 0.846695065498352, 0.8876741528511047], [0.7245377898216248, 0.8325485587120056, 0.7682815194129944, 0.878516435623169, 0.8627369403839111, 0.9999346137046814, 0.8617546558380127, 0.8006563186645508, 0.8474059700965881, 0.788382887840271, 0.8122304677963257, 0.7581941485404968, 0.7397893071174622, 0.7638199925422668, 0.8659571409225464, 0.9074152112007141, 0.8371621370315552, 0.7852722406387329, 0.8604899644851685, 0.844326913356781], [0.7465040683746338, 0.8597833514213562, 0.8794136643409729, 0.8352558612823486, 0.8359035849571228, 0.8617546558380127, 1.00496244430542, 0.8554460406303406, 0.8375177383422852, 0.8116469979286194, 0.8209884166717529, 0.7407805919647217, 0.7663615345954895, 0.8547577261924744, 0.8349833488464355, 0.8961572051048279, 0.7899287939071655, 0.7247004508972168, 0.8448445796966553, 0.869912326335907], [0.7402963042259216, 0.8181799650192261, 0.7949698567390442, 0.8436245918273926, 0.7937312126159668, 0.8006563186645508, 0.8554460406303406, 0.992844820022583, 0.7832972407341003, 0.7482814788818359, 0.6787612438201904, 0.7303845882415771, 0.7673110961914062, 0.8349045515060425, 0.7728223204612732, 0.7952608466148376, 0.7294391393661499, 0.7761824131011963, 0.7473106980323792, 0.7508123517036438], [0.7806541919708252, 0.778015673160553, 0.8357058763504028, 0.8250756859779358, 0.8500984907150269, 0.8474059700965881, 0.8375177383422852, 0.7832972407341003, 0.9948546290397644, 0.8461463451385498, 0.7906278371810913, 0.7842555046081543, 0.8220466375350952, 0.8213288187980652, 0.8826802372932434, 0.8261021375656128, 0.7801138162612915, 0.7986983060836792, 0.8297285437583923, 0.8283888101577759], [0.7117048501968384, 0.7483497858047485, 0.8083433508872986, 0.777519166469574, 0.8554223775863647, 0.788382887840271, 0.8116469979286194, 0.7482814788818359, 0.8461463451385498, 1.0067187547683716, 0.7643352746963501, 0.723816990852356, 0.7414597272872925, 0.7800166010856628, 0.82131427526474, 0.8007809519767761, 0.7770307660102844, 0.7054445743560791, 0.7717015147209167, 0.8313510417938232], [0.6672580242156982, 0.677249014377594, 0.7422307729721069, 0.7865871787071228, 0.8146455883979797, 0.8122304677963257, 0.8209884166717529, 0.6787612438201904, 0.7906278371810913, 0.7643353343009949, 0.9994703531265259, 0.6920458674430847, 0.7034379243850708, 0.7286846041679382, 0.7860806584358215, 0.8570706248283386, 0.829521119594574, 0.6541927456855774, 0.8701804280281067, 0.8728790879249573], [0.7765969038009644, 0.7398043274879456, 0.8063367605209351, 0.824333131313324, 0.7904007434844971, 0.7581941485404968, 0.7407805919647217, 0.7303845882415771, 0.7842555046081543, 0.723816990852356, 0.6920458674430847, 1.0037150382995605, 0.8925207853317261, 0.8054579496383667, 0.8005553483963013, 0.7679564952850342, 0.8146274089813232, 0.8410630822181702, 0.7782182693481445, 0.7574558258056641], [0.7692111730575562, 0.7509577870368958, 0.8227733969688416, 0.8005359768867493, 0.8062507510185242, 0.7397893071174622, 0.7663615345954895, 0.7673110961914062, 0.8220466375350952, 0.7414597272872925, 0.7034379243850708, 0.8925207853317261, 0.9971755743026733, 0.8286108374595642, 0.7987046241760254, 0.7487042546272278, 0.7919176816940308, 0.8207091093063354, 0.779120147228241, 0.7648328542709351], [0.807174801826477, 0.8040265440940857, 0.8955085277557373, 0.8318284749984741, 0.8596750497817993, 0.7638199925422668, 0.8547577261924744, 0.8349045515060425, 0.8213288187980652, 0.7800165414810181, 0.7286846041679382, 0.8054579496383667, 0.828610897064209, 0.9940569400787354, 0.8552179336547852, 0.8048877716064453, 0.774396538734436, 0.7777356505393982, 0.8083961009979248, 0.8142843842506409], [0.7451063394546509, 0.8104788661003113, 0.8446111083030701, 0.8512798547744751, 0.9224356412887573, 0.8659572005271912, 0.8349833488464355, 0.7728223204612732, 0.8826802372932434, 0.82131427526474, 0.7860806584358215, 0.8005553483963013, 0.7987046241760254, 0.8552179336547852, 1.0044503211975098, 0.8256852030754089, 0.8290541768074036, 0.8036080002784729, 0.8439155220985413, 0.8632294535636902], [0.7436627745628357, 0.8159170150756836, 0.8135435581207275, 0.8719398975372314, 0.8559503555297852, 0.9074152112007141, 0.8961572051048279, 0.7952608466148376, 0.8261021375656128, 0.8007809519767761, 0.8570706248283386, 0.7679564952850342, 0.7487042546272278, 0.8048877716064453, 0.8256852030754089, 0.9985531568527222, 0.8513951301574707, 0.7137433290481567, 0.8867987394332886, 0.9063409566879272], [0.7242932319641113, 0.7863924503326416, 0.7515040040016174, 0.8520083427429199, 0.8501061797142029, 0.8371621370315552, 0.7899287939071655, 0.7294391393661499, 0.7801138162612915, 0.7770307660102844, 0.829521119594574, 0.8146274089813232, 0.7919176816940308, 0.774396538734436, 0.8290541172027588, 0.8513951301574707, 0.9998809695243835, 0.7491302490234375, 0.8733983635902405, 0.8894281983375549], [0.7441583871841431, 0.7369202971458435, 0.76935213804245, 0.8609006404876709, 0.7702405452728271, 0.7852722406387329, 0.7247004508972168, 0.7761824131011963, 0.7986984252929688, 0.7054445743560791, 0.6541927456855774, 0.8410630822181702, 0.8207091093063354, 0.7777356505393982, 0.8036079406738281, 0.7137433886528015, 0.7491302490234375, 0.9988523125648499, 0.7264803647994995, 0.694456934928894], [0.7799726724624634, 0.7840837240219116, 0.7955957651138306, 0.8531011343002319, 0.846695065498352, 0.8604899644851685, 0.8448445796966553, 0.7473106980323792, 0.8297285437583923, 0.7717015743255615, 0.8701804280281067, 0.7782182693481445, 0.779120147228241, 0.8083961009979248, 0.843915581703186, 0.8867987394332886, 0.8733983635902405, 0.7264803647994995, 1.0052289962768555, 0.9037082195281982], [0.7581166625022888, 0.845026433467865, 0.8172978758811951, 0.8575439453125, 0.8876741528511047, 0.844326913356781, 0.869912326335907, 0.7508124113082886, 0.8283886909484863, 0.8313510417938232, 0.8728790879249573, 0.7574558258056641, 0.7648327946662903, 0.8142843842506409, 0.8632294535636902, 0.9063409566879272, 0.8894281983375549, 0.694456934928894, 0.9037082195281982, 1.007249355316162]]}
{"idx": 2, "question": "Tell me the plot line in 5 sentences for a romcom movie set in rural Kansas for Easter.", "score": [[0.994239091873169, 0.8061434030532837, 0.8302713632583618, 0.8624351024627686, 0.8514847159385681, 0.788414716720581, 0.8185625076293945, 0.8760330677032471, 0.824565589427948, 0.8308923244476318, 0.7634299993515015, 0.8490612506866455, 0.8217703104019165, 0.8185988068580627, 0.7524481415748596, 0.7605310678482056, 0.8354771733283997, 0.8192516565322876, 0.8282655477523804, 0.7779549956321716], [0.8061434030532837, 0.9997154474258423, 0.7511280179023743, 0.7508565783500671, 0.7433410286903381, 0.8516339659690857, 0.8457056283950806, 0.796068012714386, 0.7246577739715576, 0.8138623237609863, 0.8234394192695618, 0.8518809676170349, 0.8655575513839722, 0.8926838040351868, 0.7193920612335205, 0.8463596105575562, 0.74860018491745, 0.8805879950523376, 0.8274286389350891, 0.8768888115882874], [0.8302713632583618, 0.751128077507019, 1.004081130027771, 0.8151412010192871, 0.882030725479126, 0.7421556115150452, 0.7216343879699707, 0.8561445474624634, 0.8540551662445068, 0.8660187721252441, 0.7204151749610901, 0.8103117346763611, 0.7763887047767639, 0.73659747838974, 0.8610374331474304, 0.7279584407806396, 0.8784574270248413, 0.7977511286735535, 0.7232152223587036, 0.739639937877655], [0.8624351024627686, 0.7508565783500671, 0.8151411414146423, 0.9983614683151245, 0.8532711863517761, 0.7614073157310486, 0.7712641358375549, 0.869292140007019, 0.8094083070755005, 0.8088399767875671, 0.7044392824172974, 0.7924795746803284, 0.765139639377594, 0.7728972434997559, 0.7477527260780334, 0.761599063873291, 0.8373996019363403, 0.7905753254890442, 0.7595216631889343, 0.7252907156944275], [0.8514847159385681, 0.7433410286903381, 0.8820308446884155, 0.8532711863517761, 0.9986651539802551, 0.7672029137611389, 0.7739826440811157, 0.9084471464157104, 0.8776071071624756, 0.8695390820503235, 0.7217860817909241, 0.8314061164855957, 0.7890462875366211, 0.7702482342720032, 0.7957937121391296, 0.7564797401428223, 0.8735346794128418, 0.8116459846496582, 0.7481582164764404, 0.7560970783233643], [0.788414716720581, 0.8516339659690857, 0.7421556115150452, 0.7614073157310486, 0.7672030329704285, 1.0020880699157715, 0.9022658467292786, 0.8190470933914185, 0.7298018336296082, 0.7996551394462585, 0.841633141040802, 0.8625020980834961, 0.8914452195167542, 0.873562216758728, 0.6941151022911072, 0.927487850189209, 0.7748467326164246, 0.8742326498031616, 0.8252897262573242, 0.8478494882583618], [0.8185625076293945, 0.8457056283950806, 0.7216343879699707, 0.7712641358375549, 0.7739826440811157, 0.9022658467292786, 0.9981662034988403, 0.8144407868385315, 0.7294753193855286, 0.7455633878707886, 0.842731773853302, 0.8656259179115295, 0.8540416955947876, 0.8707117438316345, 0.6860124468803406, 0.8768575191497803, 0.7816107273101807, 0.8771288394927979, 0.9012414813041687, 0.8622060418128967], [0.8760330677032471, 0.7960680723190308, 0.8561445474624634, 0.869292140007019, 0.9084471464157104, 0.8190470933914185, 0.8144407868385315, 1.0042468309402466, 0.8695082664489746, 0.8861467242240906, 0.735653281211853, 0.8224480152130127, 0.8147342801094055, 0.7976440191268921, 0.7869870066642761, 0.8077747821807861, 0.8715272545814514, 0.8057736754417419, 0.7749001383781433, 0.7764185667037964], [0.824565589427948, 0.7246577739715576, 0.8540551662445068, 0.8094083070755005, 0.8776071071624756, 0.7298018336296082, 0.7294753193855286, 0.8695082664489746, 0.9995490908622742, 0.8119376301765442, 0.6742789149284363, 0.7969503998756409, 0.7537339925765991, 0.7251107692718506, 0.7712891101837158, 0.7058967351913452, 0.8291428685188293, 0.7725351452827454, 0.7439528107643127, 0.7251092195510864], [0.8308923244476318, 0.8138624429702759, 0.8660187721252441, 0.8088399767875671, 0.8695390820503235, 0.7996551394462585, 0.7455633878707886, 0.8861466646194458, 0.8119376301765442, 0.994644820690155, 0.7006811499595642, 0.8136903643608093, 0.8228033781051636, 0.7884787321090698, 0.7930256724357605, 0.7812773585319519, 0.8180029988288879, 0.8137574195861816, 0.7164112329483032, 0.7848538756370544], [0.7634299993515015, 0.8234394192695618, 0.7204151749610901, 0.7044392824172974, 0.7217862010002136, 0.841633141040802, 0.842731773853302, 0.735653281211853, 0.6742789149284363, 0.7006811499595642, 0.996558666229248, 0.8320152759552002, 0.8183322548866272, 0.8719126582145691, 0.783122718334198, 0.8376452326774597, 0.8020021915435791, 0.8348824381828308, 0.8000147342681885, 0.8218632936477661], [0.8490612506866455, 0.8518809676170349, 0.8103117346763611, 0.7924795746803284, 0.8314061164855957, 0.8625020980834961, 0.8656259179115295, 0.8224480152130127, 0.7969503998756409, 0.8136903643608093, 0.8320152759552002, 0.999872624874115, 0.9141786098480225, 0.8871484994888306, 0.7670767307281494, 0.8424318432807922, 0.8318698406219482, 0.8985546231269836, 0.8718987107276917, 0.8649377226829529], [0.8217703104019165, 0.8655575513839722, 0.7763887047767639, 0.765139639377594, 0.7890463471412659, 0.8914452195167542, 0.8540416955947876, 0.8147342801094055, 0.7537339925765991, 0.8228033185005188, 0.8183322548866272, 0.9141786098480225, 1.0057179927825928, 0.8762586116790771, 0.7278046607971191, 0.8693541288375854, 0.792895495891571, 0.8921384215354919, 0.8356366157531738, 0.8634103536605835], [0.8185988068580627, 0.8926838040351868, 0.73659747838974, 0.7728972434997559, 0.770248293876648, 0.873562216758728, 0.8707117438316345, 0.7976440191268921, 0.7251107692718506, 0.7884787321090698, 0.8719126582145691, 0.8871484994888306, 0.8762586116790771, 0.9979423880577087, 0.7237048745155334, 0.8752434849739075, 0.7836495041847229, 0.9051614999771118, 0.8495496511459351, 0.8919415473937988], [0.7524481415748596, 0.7193920612335205, 0.8610374331474304, 0.7477527260780334, 0.7957937121391296, 0.6941151022911072, 0.6860125064849854, 0.7869870066642761, 0.7712891101837158, 0.7930256724357605, 0.783122718334198, 0.7670767307281494, 0.7278046607971191, 0.7237048745155334, 0.9946897029876709, 0.7088137865066528, 0.8777087330818176, 0.7579970359802246, 0.7059414386749268, 0.7037142515182495], [0.7605310678482056, 0.8463596105575562, 0.7279584407806396, 0.761599063873291, 0.7564797401428223, 0.927487850189209, 0.8768575191497803, 0.8077747821807861, 0.7058966159820557, 0.7812773585319519, 0.8376452326774597, 0.8424318432807922, 0.8693541288375854, 0.8752434849739075, 0.7088137865066528, 0.9993033409118652, 0.7785292267799377, 0.862868070602417, 0.823032021522522, 0.8402253985404968], [0.8354771733283997, 0.74860018491745, 0.8784574270248413, 0.8373996019363403, 0.8735346794128418, 0.7748467326164246, 0.7816107273101807, 0.8715272545814514, 0.8291428685188293, 0.8180029988288879, 0.8020021915435791, 0.8318698406219482, 0.792895495891571, 0.7836495041847229, 0.8777087926864624, 0.7785292267799377, 1.001746654510498, 0.7854647636413574, 0.7751345038414001, 0.7599679231643677], [0.8192516565322876, 0.8805879950523376, 0.7977511286735535, 0.790575385093689, 0.8116459846496582, 0.8742326498031616, 0.8771288394927979, 0.8057736754417419, 0.7725351452827454, 0.8137574195861816, 0.8348824381828308, 0.8985546231269836, 0.8921384215354919, 0.9051614999771118, 0.7579970359802246, 0.862868070602417, 0.7854647636413574, 0.9968573451042175, 0.845374584197998, 0.8750439286231995], [0.8282655477523804, 0.8274286389350891, 0.7232152223587036, 0.7595216631889343, 0.7481582164764404, 0.825289785861969, 0.9012414813041687, 0.7749001383781433, 0.7439528107643127, 0.7164112329483032, 0.8000147342681885, 0.8718987107276917, 0.8356366157531738, 0.8495496511459351, 0.7059414386749268, 0.823032021522522, 0.7751345038414001, 0.845374584197998, 0.9998869299888611, 0.8422701358795166], [0.7779549956321716, 0.8768888115882874, 0.739639937877655, 0.7252906560897827, 0.7560970783233643, 0.8478494882583618, 0.8622060418128967, 0.7764185667037964, 0.7251092195510864, 0.7848538756370544, 0.8218632936477661, 0.8649377226829529, 0.8634103536605835, 0.8919415473937988, 0.7037142515182495, 0.8402253985404968, 0.7599679231643677, 0.8750439286231995, 0.8422701358795166, 0.9976849555969238]]}
{"idx": 3, "question": "Write a haiku about a whale and a walnut tree.", "score": [[1.0077310800552368, 0.9000001549720764, 0.871133029460907, 0.921186089515686, 0.8937399983406067, 0.9067405462265015, 0.8907654881477356, 0.9511045813560486, 0.9069997668266296, 0.8996249437332153, 0.8262927532196045, 0.8773273229598999, 0.9188488721847534, 0.9150016903877258, 0.8726215958595276, 0.9207890033721924, 0.8597390055656433, 0.8526251912117004, 0.7896608710289001], [0.9000001549720764, 1.004668116569519, 0.9027178287506104, 0.9554927349090576, 0.8749673962593079, 0.8337830305099487, 0.8862236738204956, 0.9006423354148865, 0.8852181434631348, 0.8430590033531189, 0.8689072132110596, 0.9343623518943787, 0.9015985727310181, 0.8811609148979187, 0.9082019329071045, 0.858292818069458, 0.8421009182929993, 0.8765954375267029, 0.8369387984275818], [0.871133029460907, 0.9027178287506104, 1.0039379596710205, 0.9023213982582092, 0.9044444561004639, 0.8566879630088806, 0.8958085775375366, 0.8859543204307556, 0.8905845880508423, 0.8313244581222534, 0.7881649732589722, 0.8957177400588989, 0.8860244154930115, 0.9020093679428101, 0.8784744143486023, 0.8559218645095825, 0.8773927688598633, 0.8732410073280334, 0.8389085531234741], [0.921186089515686, 0.9554927349090576, 0.9023213982582092, 1.007364273071289, 0.8859551548957825, 0.8613142967224121, 0.8823385834693909, 0.9349914193153381, 0.9024229049682617, 0.8546270132064819, 0.8410229682922363, 0.9407918453216553, 0.9031149744987488, 0.9025514125823975, 0.9392457604408264, 0.8667576313018799, 0.8426375985145569, 0.900877833366394, 0.8460861444473267], [0.8937399983406067, 0.8749673962593079, 0.9044444561004639, 0.8859551548957825, 0.9998533129692078, 0.8942227363586426, 0.869358241558075, 0.9045126438140869, 0.9251638054847717, 0.8817636370658875, 0.8335888385772705, 0.8712507486343384, 0.8862751126289368, 0.9703623652458191, 0.9127288460731506, 0.8747197389602661, 0.8971641063690186, 0.9014725685119629, 0.8453356027603149], [0.9067405462265015, 0.8337830305099487, 0.8566879630088806, 0.8613142967224121, 0.8942226767539978, 1.0011602640151978, 0.8309807777404785, 0.909001350402832, 0.9132872223854065, 0.8689791560173035, 0.8125491738319397, 0.8036032319068909, 0.8610860705375671, 0.8866021037101746, 0.8663354516029358, 0.8704403638839722, 0.84534752368927, 0.8794577121734619, 0.7748928070068359], [0.8907654881477356, 0.8862236738204956, 0.8958086967468262, 0.8823385834693909, 0.869358241558075, 0.8309807777404785, 1.0074856281280518, 0.8783169984817505, 0.8464074730873108, 0.8551604747772217, 0.7519621849060059, 0.8768100738525391, 0.9181455969810486, 0.8828895092010498, 0.8204383254051208, 0.9003957509994507, 0.8240218758583069, 0.8000056147575378, 0.8024469614028931], [0.951104462146759, 0.9006423354148865, 0.8859543204307556, 0.9349914193153381, 0.9045126438140869, 0.909001350402832, 0.8783169984817505, 1.0043416023254395, 0.9350207448005676, 0.8802692890167236, 0.8476061820983887, 0.8898464441299438, 0.8976821899414062, 0.9108780026435852, 0.9004448056221008, 0.9063866138458252, 0.8596001267433167, 0.8819386959075928, 0.8114320039749146], [0.9069997668266296, 0.8852182626724243, 0.8905845880508423, 0.9024230241775513, 0.9251638054847717, 0.9132872223854065, 0.8464074730873108, 0.9350207448005676, 1.0030571222305298, 0.8699561953544617, 0.8586017489433289, 0.8687725067138672, 0.887523889541626, 0.9159494042396545, 0.8987729549407959, 0.8802067637443542, 0.8984224200248718, 0.8986791372299194, 0.8386042714118958], [0.8996248841285706, 0.8430590033531189, 0.8313244581222534, 0.8546270132064819, 0.8817636370658875, 0.8689791560173035, 0.8551604747772217, 0.8802692890167236, 0.8699561953544617, 0.9951282739639282, 0.7884074449539185, 0.8384764194488525, 0.8835647702217102, 0.8996264934539795, 0.8461222052574158, 0.8790678381919861, 0.8610838055610657, 0.8280019760131836, 0.7613511681556702], [0.8262927532196045, 0.8689072132110596, 0.7881649732589722, 0.8410229682922363, 0.8335888981819153, 0.8125491738319397, 0.7519621849060059, 0.8476061820983887, 0.8586017489433289, 0.7884074449539185, 1.0051851272583008, 0.8008708953857422, 0.7790116667747498, 0.8496419787406921, 0.8623525500297546, 0.7681589722633362, 0.8060305714607239, 0.8467408418655396, 0.7883609533309937], [0.8773273229598999, 0.9343623518943787, 0.8957177400588989, 0.9407918453216553, 0.8712507486343384, 0.8036032319068909, 0.8768101930618286, 0.8898464441299438, 0.8687725067138672, 0.8384764194488525, 0.8008708953857422, 0.9974398016929626, 0.8820257782936096, 0.8754968047142029, 0.8978925943374634, 0.8391623497009277, 0.8194841742515564, 0.8538923859596252, 0.8353028297424316], [0.9188488721847534, 0.9015985727310181, 0.8860244154930115, 0.9031149744987488, 0.8862751126289368, 0.8610860109329224, 0.9181455969810486, 0.8976821899414062, 0.887523889541626, 0.8835647702217102, 0.7790116667747498, 0.8820257782936096, 1.0064834356307983, 0.8928648829460144, 0.8432846069335938, 0.8961506485939026, 0.85959392786026, 0.8244946599006653, 0.7973878383636475], [0.9150016903877258, 0.8811609148979187, 0.9020093679428101, 0.9025514125823975, 0.9703623652458191, 0.8866021037101746, 0.8828895092010498, 0.9108780026435852, 0.9159494042396545, 0.8996264338493347, 0.8496419787406921, 0.8754968047142029, 0.8928648829460144, 1.0013902187347412, 0.9159113168716431, 0.8883719444274902, 0.9151301383972168, 0.9024747014045715, 0.8451552391052246], [0.8726215958595276, 0.9082019329071045, 0.8784744143486023, 0.9392457604408264, 0.9127288460731506, 0.8663354516029358, 0.8204383254051208, 0.9004448056221008, 0.8987728953361511, 0.8461222052574158, 0.8623525500297546, 0.8978925943374634, 0.8432846069335938, 0.9159113168716431, 0.9983202219009399, 0.8227948546409607, 0.8562051057815552, 0.9355137944221497, 0.8490196466445923], [0.9207890033721924, 0.858292818069458, 0.8559218645095825, 0.8667576313018799, 0.8747197389602661, 0.8704403638839722, 0.9003957509994507, 0.9063866138458252, 0.8802067637443542, 0.8790679574012756, 0.7681589722633362, 0.8391623497009277, 0.8961506485939026, 0.8883719444274902, 0.8227948546409607, 0.996829628944397, 0.8534281253814697, 0.818553626537323, 0.7708939909934998], [0.8597390651702881, 0.8421008586883545, 0.8773927688598633, 0.8426375985145569, 0.8971641063690186, 0.8453474044799805, 0.8240218758583069, 0.8596001863479614, 0.8984224796295166, 0.8610838055610657, 0.806030809879303, 0.819484293460846, 0.8595939874649048, 0.9151300191879272, 0.8562051653862, 0.853428065776825, 1.0018439292907715, 0.8821814060211182, 0.800148069858551], [0.8526251912117004, 0.8765954375267029, 0.8732410073280334, 0.900877833366394, 0.9014726877212524, 0.8794577717781067, 0.8000055551528931, 0.8819388151168823, 0.8986791372299194, 0.8280019760131836, 0.84674072265625, 0.8538923859596252, 0.8244946599006653, 0.9024747610092163, 0.9355138540267944, 0.8185535669326782, 0.8821813464164734, 0.9947832822799683, 0.8439713716506958], [0.7896608710289001, 0.8369386792182922, 0.8389084935188293, 0.8460860848426819, 0.8453356027603149, 0.7748928070068359, 0.8024470210075378, 0.8114320039749146, 0.8386043310165405, 0.7613511681556702, 0.7883608341217041, 0.8353028893470764, 0.7973877787590027, 0.8451552391052246, 0.8490196466445923, 0.770893931388855, 0.800148069858551, 0.8439713716506958, 1.0077440738677979]]}
{"idx": 4, "question": "Write a short love poem with 4 lines.", "score": [[0.995571494102478, 0.8248503804206848, 0.7697763442993164, 0.7324163913726807, 0.8148673176765442, 0.8302696347236633, 0.7768057584762573, 0.7692484259605408, 0.7030563354492188, 0.7877600193023682, 0.8024942874908447, 0.8196312189102173, 0.7888107299804688, 0.7887558341026306, 0.7576384544372559, 0.795390248298645, 0.7107185125350952, 0.7940233945846558, 0.8307094573974609, 0.7878435850143433], [0.8248503804206848, 0.9986593723297119, 0.7875013947486877, 0.7879360318183899, 0.8679322600364685, 0.8237147331237793, 0.8309523463249207, 0.8161926865577698, 0.7444632649421692, 0.785693883895874, 0.831923246383667, 0.8171414732933044, 0.7983208894729614, 0.8161289095878601, 0.8081161975860596, 0.8111735582351685, 0.7708801031112671, 0.8230913877487183, 0.8481941223144531, 0.7948962450027466], [0.7697763442993164, 0.7875013947486877, 1.0046236515045166, 0.7282893061637878, 0.8025047779083252, 0.7636367082595825, 0.7636473178863525, 0.7326534390449524, 0.7111501693725586, 0.7722465991973877, 0.7896350622177124, 0.793219268321991, 0.8054710626602173, 0.7790652513504028, 0.7365939617156982, 0.8336572647094727, 0.692277729511261, 0.7832305431365967, 0.7930189371109009, 0.8184300661087036], [0.7324164509773254, 0.7879360318183899, 0.7282893061637878, 1.0024189949035645, 0.8107089996337891, 0.7642070055007935, 0.7699717283248901, 0.7684432864189148, 0.6776440739631653, 0.7666130661964417, 0.759136438369751, 0.7814784646034241, 0.7366563081741333, 0.7416736483573914, 0.7916694283485413, 0.7240691184997559, 0.732174277305603, 0.752175509929657, 0.7871927618980408, 0.7352144122123718], [0.8148673176765442, 0.8679322600364685, 0.8025047779083252, 0.8107089996337891, 0.9982404112815857, 0.8185896873474121, 0.8703553676605225, 0.8422967195510864, 0.7134137153625488, 0.8479740023612976, 0.8508708477020264, 0.792702317237854, 0.8367056846618652, 0.8910519480705261, 0.8213660717010498, 0.8570796251296997, 0.7966079711914062, 0.8379936814308167, 0.889485239982605, 0.8472266793251038], [0.8302696347236633, 0.8237147331237793, 0.7636367082595825, 0.7642070055007935, 0.8185896873474121, 0.9929850101470947, 0.7895381450653076, 0.846036434173584, 0.7557644844055176, 0.8054687976837158, 0.8205299973487854, 0.8191470503807068, 0.7840771079063416, 0.7847319841384888, 0.8288524150848389, 0.7856465578079224, 0.7185206413269043, 0.828404426574707, 0.8455895781517029, 0.7852734327316284], [0.7768057584762573, 0.8309523463249207, 0.7636472582817078, 0.7699717283248901, 0.8703553676605225, 0.7895381450653076, 1.001513957977295, 0.7826520204544067, 0.6916804909706116, 0.768690288066864, 0.8215095400810242, 0.7482903003692627, 0.8472155332565308, 0.8079172372817993, 0.7904475927352905, 0.842943549156189, 0.889706552028656, 0.8270419239997864, 0.8232823610305786, 0.8145523071289062], [0.7692484259605408, 0.8161926865577698, 0.7326534390449524, 0.7684432864189148, 0.8422966599464417, 0.846036434173584, 0.7826520204544067, 1.0002964735031128, 0.6977123618125916, 0.8021488785743713, 0.7943459749221802, 0.7941902279853821, 0.7849095463752747, 0.8217811584472656, 0.8204669952392578, 0.7668033838272095, 0.731277346611023, 0.8173482418060303, 0.8563740253448486, 0.8005896210670471], [0.7030563354492188, 0.7444632649421692, 0.7111501693725586, 0.6776440739631653, 0.7134138345718384, 0.7557644844055176, 0.6916804909706116, 0.6977123618125916, 0.9976432919502258, 0.7153302431106567, 0.7903664708137512, 0.7029641270637512, 0.6574209928512573, 0.6712441444396973, 0.7708098292350769, 0.7062162160873413, 0.6460233330726624, 0.7149033546447754, 0.7198309898376465, 0.6826534271240234], [0.7877600193023682, 0.785693883895874, 0.7722465991973877, 0.7666130661964417, 0.8479740023612976, 0.8054686784744263, 0.768690288066864, 0.8021488785743713, 0.715330183506012, 0.9972129464149475, 0.8034746050834656, 0.7828867435455322, 0.8124977350234985, 0.8163532018661499, 0.806560218334198, 0.8095031976699829, 0.7032392621040344, 0.8112496733665466, 0.8172309398651123, 0.8262471556663513], [0.8024942874908447, 0.831923246383667, 0.7896350622177124, 0.759136438369751, 0.8508708477020264, 0.8205299973487854, 0.8215095400810242, 0.7943459749221802, 0.7903664708137512, 0.8034746050834656, 1.0042693614959717, 0.816581666469574, 0.7854766249656677, 0.7968372106552124, 0.849510908126831, 0.8022709488868713, 0.7313697338104248, 0.8430747389793396, 0.9037072658538818, 0.8098879456520081], [0.8196312189102173, 0.8171414732933044, 0.793219268321991, 0.7814784646034241, 0.792702317237854, 0.8191470503807068, 0.7482903003692627, 0.7941902279853821, 0.7029641270637512, 0.7828867435455322, 0.816581666469574, 1.0060955286026, 0.8025065064430237, 0.7860191464424133, 0.769946813583374, 0.8082536458969116, 0.6880872249603271, 0.8080348372459412, 0.8223060965538025, 0.8072361946105957], [0.7888107299804688, 0.7983208894729614, 0.8054710626602173, 0.7366563081741333, 0.8367056846618652, 0.7840771079063416, 0.8472156524658203, 0.7849095463752747, 0.6574209928512573, 0.8124977350234985, 0.7854766249656677, 0.8025065064430237, 1.0009639263153076, 0.8197500109672546, 0.768278956413269, 0.8657500147819519, 0.794561505317688, 0.8122537732124329, 0.7957329154014587, 0.8403294086456299], [0.7887558341026306, 0.8161289095878601, 0.7790652513504028, 0.7416736483573914, 0.8910519480705261, 0.7847319841384888, 0.8079172372817993, 0.8217811584472656, 0.6712441444396973, 0.8163532018661499, 0.7968372106552124, 0.7860191464424133, 0.8197500705718994, 1.0046923160552979, 0.7934105396270752, 0.8164857029914856, 0.7208595275878906, 0.8171771168708801, 0.8323279023170471, 0.8563306331634521], [0.7576384544372559, 0.8081161975860596, 0.7365939617156982, 0.7916694283485413, 0.8213660717010498, 0.8288524150848389, 0.7904475927352905, 0.8204669952392578, 0.7708098292350769, 0.806560218334198, 0.8495110273361206, 0.769946813583374, 0.768278956413269, 0.7934105396270752, 1.0070836544036865, 0.7569151520729065, 0.7220213413238525, 0.8287854194641113, 0.8043718338012695, 0.7857390642166138], [0.795390248298645, 0.8111735582351685, 0.8336572647094727, 0.7240691184997559, 0.8570796251296997, 0.7856465578079224, 0.842943549156189, 0.7668033838272095, 0.7062162160873413, 0.8095031976699829, 0.8022709488868713, 0.8082536458969116, 0.8657500147819519, 0.8164857029914856, 0.7569151520729065, 1.0077041387557983, 0.7596926093101501, 0.8223667740821838, 0.7901204228401184, 0.8285269141197205], [0.7107185125350952, 0.7708801031112671, 0.692277729511261, 0.732174277305603, 0.7966079711914062, 0.7185206413269043, 0.889706552028656, 0.7312774062156677, 0.6460233330726624, 0.7032392621040344, 0.7313697338104248, 0.6880872249603271, 0.794561505317688, 0.7208595275878906, 0.7220213413238525, 0.7596926093101501, 0.9953654408454895, 0.7072741985321045, 0.7601310610771179, 0.7500402927398682], [0.7940233945846558, 0.8230913877487183, 0.7832305431365967, 0.752175509929657, 0.8379936814308167, 0.828404426574707, 0.8270419239997864, 0.8173482418060303, 0.7149033546447754, 0.8112496733665466, 0.8430747389793396, 0.8080348372459412, 0.8122537732124329, 0.8171771168708801, 0.8287854194641113, 0.8223667740821838, 0.7072741985321045, 0.9947419762611389, 0.8089420795440674, 0.828646183013916], [0.8307094573974609, 0.8481941223144531, 0.7930189371109009, 0.7871927618980408, 0.8894851803779602, 0.8455895781517029, 0.8232823610305786, 0.8563739657402039, 0.7198309898376465, 0.8172309398651123, 0.9037072062492371, 0.8223060965538025, 0.7957329154014587, 0.8323279023170471, 0.8043718338012695, 0.7901204228401184, 0.7601310610771179, 0.8089420795440674, 1.0005898475646973, 0.8204706907272339], [0.787843644618988, 0.7948962450027466, 0.8184300661087036, 0.7352144122123718, 0.8472266793251038, 0.7852734923362732, 0.8145523071289062, 0.8005896210670471, 0.6826534271240234, 0.8262471556663513, 0.8098879456520081, 0.8072361946105957, 0.8403294086456299, 0.8563306331634521, 0.7857390642166138, 0.8285269141197205, 0.7500402927398682, 0.828646183013916, 0.8204706907272339, 1.0062835216522217]]}
