{"idx": 0, "question": "Tell me a story in five sentences about a girl and her dog.", "score": [[1.003478765487671, 0.778335690498352, 0.8009108304977417, 0.774256706237793, 0.7904456853866577, 0.8497165441513062, 0.8550850749015808, 0.7672700881958008, 0.8353290557861328, 0.7648545503616333, 0.9174453020095825, 0.8408371806144714, 0.8209717273712158, 0.7856212854385376, 0.8097224831581116, 0.9217782020568848, 0.7993474006652832, 0.8280043601989746, 0.8577144145965576, 0.7195653319358826], [0.778335690498352, 1.00004243850708, 0.8211850523948669, 0.8309634923934937, 0.8188530206680298, 0.790641725063324, 0.812522828578949, 0.7283016443252563, 0.7335422039031982, 0.7965089082717896, 0.7776186466217041, 0.8314896821975708, 0.8626165390014648, 0.7031123638153076, 0.7315372228622437, 0.799110472202301, 0.78228759765625, 0.8706092238426208, 0.7906899452209473, 0.7448671460151672], [0.8009108304977417, 0.8211850523948669, 0.9967201948165894, 0.74359530210495, 0.8604108691215515, 0.8491076827049255, 0.8049454092979431, 0.7635111212730408, 0.7219556570053101, 0.9126445055007935, 0.8003724217414856, 0.7419432997703552, 0.8333688974380493, 0.7398355603218079, 0.7481639385223389, 0.804326057434082, 0.7827405333518982, 0.8657563924789429, 0.742941677570343, 0.733150064945221], [0.774256706237793, 0.8309634923934937, 0.7435952425003052, 1.008219838142395, 0.8488093614578247, 0.8348238468170166, 0.8682562112808228, 0.756170928478241, 0.8463662266731262, 0.7828336954116821, 0.7884363532066345, 0.8902748823165894, 0.9004753232002258, 0.7336142659187317, 0.7988556027412415, 0.8069555163383484, 0.8756294846534729, 0.8173201680183411, 0.8158460855484009, 0.7934236526489258], [0.7904456853866577, 0.8188531398773193, 0.8604108691215515, 0.8488093614578247, 0.9998587369918823, 0.8835622668266296, 0.8058566451072693, 0.751045286655426, 0.7950494885444641, 0.8925818204879761, 0.7887561917304993, 0.8270394206047058, 0.8662285804748535, 0.7374951839447021, 0.7770621180534363, 0.7961289882659912, 0.8552036881446838, 0.8137534856796265, 0.7872128486633301, 0.8090539574623108], [0.8497165441513062, 0.790641725063324, 0.8491076827049255, 0.8348238468170166, 0.8835622668266296, 0.9963628053665161, 0.850895881652832, 0.7821643948554993, 0.8459603786468506, 0.8843675851821899, 0.8275023698806763, 0.8144527673721313, 0.8720271587371826, 0.780460774898529, 0.8742275238037109, 0.8367775082588196, 0.8690125346183777, 0.7978579998016357, 0.8202856779098511, 0.7812026143074036], [0.8550850749015808, 0.812522828578949, 0.8049454092979431, 0.8682562112808228, 0.8058566451072693, 0.850895881652832, 1.0055521726608276, 0.8185722231864929, 0.8300291299819946, 0.7934716939926147, 0.9005779027938843, 0.8134166598320007, 0.8772686719894409, 0.8066385388374329, 0.8147215247154236, 0.9056534767150879, 0.8475640416145325, 0.8409106135368347, 0.8287235498428345, 0.692272961139679], [0.7672700881958008, 0.7283016443252563, 0.7635111212730408, 0.756170928478241, 0.751045286655426, 0.7821643352508545, 0.8185722231864929, 1.0068364143371582, 0.8332778215408325, 0.7999053597450256, 0.7997878193855286, 0.751323401927948, 0.8202357888221741, 0.9001343846321106, 0.8099546432495117, 0.8050093650817871, 0.8704818487167358, 0.8001179099082947, 0.8172827959060669, 0.7161808609962463], [0.8353290557861328, 0.7335422039031982, 0.7219556570053101, 0.8463662266731262, 0.7950494885444641, 0.8459603786468506, 0.8300291299819946, 0.8332778215408325, 1.0038810968399048, 0.7481704354286194, 0.8315412998199463, 0.832239031791687, 0.8382049202919006, 0.8084033727645874, 0.8977482914924622, 0.8346743583679199, 0.8610217571258545, 0.784743070602417, 0.8278048038482666, 0.8200486898422241], [0.7648545503616333, 0.7965089082717896, 0.9126445055007935, 0.7828336954116821, 0.8925818204879761, 0.8843675851821899, 0.7934716939926147, 0.7999053001403809, 0.7481704354286194, 0.9936334490776062, 0.7759899497032166, 0.7599707245826721, 0.8487246632575989, 0.7495409250259399, 0.7778260707855225, 0.7845417261123657, 0.820044994354248, 0.817143976688385, 0.7424130439758301, 0.7621756792068481], [0.9174453020095825, 0.7776186466217041, 0.8003724217414856, 0.7884364724159241, 0.7887561917304993, 0.8275023698806763, 0.9005779027938843, 0.7997878193855286, 0.8315412998199463, 0.7759899497032166, 0.9997748732566833, 0.840029239654541, 0.8119339942932129, 0.8077801465988159, 0.8253360390663147, 0.9919238686561584, 0.8132855296134949, 0.8079142570495605, 0.8383427262306213, 0.695238471031189], [0.8408371806144714, 0.8314896821975708, 0.7419432997703552, 0.8902748823165894, 0.8270394206047058, 0.8144527673721313, 0.8134166598320007, 0.751323401927948, 0.832239031791687, 0.7599707245826721, 0.840029239654541, 0.9955394268035889, 0.8628619313240051, 0.729188859462738, 0.7793318033218384, 0.8620375394821167, 0.8652913570404053, 0.8242201805114746, 0.9060512781143188, 0.8133214116096497], [0.8209717273712158, 0.8626165390014648, 0.8333688974380493, 0.9004753232002258, 0.8662285804748535, 0.8720271587371826, 0.8772686719894409, 0.8202357888221741, 0.8382049202919006, 0.8487246632575989, 0.8119339942932129, 0.8628619313240051, 1.0042880773544312, 0.8055506348609924, 0.8126028180122375, 0.8299600481987, 0.8906882405281067, 0.8778766989707947, 0.8315815925598145, 0.8223140835762024], [0.7856212854385376, 0.7031123638153076, 0.7398355603218079, 0.7336142659187317, 0.7374951839447021, 0.780460774898529, 0.8066385388374329, 0.9001343846321106, 0.8084033727645874, 0.7495408058166504, 0.8077801465988159, 0.729188859462738, 0.8055506348609924, 1.0002048015594482, 0.7898746728897095, 0.8051617741584778, 0.868938684463501, 0.7730541229248047, 0.8141545057296753, 0.6990319490432739], [0.8097224831581116, 0.7315372228622437, 0.7481639385223389, 0.7988556623458862, 0.7770621180534363, 0.8742275238037109, 0.8147215247154236, 0.8099546432495117, 0.8977482914924622, 0.7778260707855225, 0.8253360390663147, 0.7793318033218384, 0.8126028180122375, 0.7898746728897095, 0.9945908784866333, 0.8281048536300659, 0.8183396458625793, 0.7464203238487244, 0.7871219515800476, 0.7779178619384766], [0.9217782020568848, 0.799110472202301, 0.804326057434082, 0.8069555163383484, 0.7961289286613464, 0.8367775082588196, 0.9056534767150879, 0.8050093650817871, 0.8346743583679199, 0.7845417857170105, 0.9919238686561584, 0.8620375394821167, 0.8299600481987, 0.8051617741584778, 0.8281048536300659, 1.0044687986373901, 0.8204057216644287, 0.8228150010108948, 0.8526173233985901, 0.7044633626937866], [0.7993474006652832, 0.78228759765625, 0.7827404737472534, 0.8756294846534729, 0.8552036881446838, 0.8690125346183777, 0.8475640416145325, 0.8704818487167358, 0.8610217571258545, 0.8200450539588928, 0.8132855296134949, 0.8652913570404053, 0.8906882405281067, 0.868938684463501, 0.8183396458625793, 0.8204057216644287, 0.9995203018188477, 0.813599705696106, 0.8884239196777344, 0.7936648726463318], [0.8280043601989746, 0.8706092238426208, 0.8657563924789429, 0.8173201680183411, 0.8137534856796265, 0.7978579998016357, 0.8409106135368347, 0.8001179099082947, 0.784743070602417, 0.8171440362930298, 0.8079142570495605, 0.8242201805114746, 0.8778766989707947, 0.7730541825294495, 0.7464203238487244, 0.8228150010108948, 0.813599705696106, 0.9944393634796143, 0.8039237856864929, 0.7591109275817871], [0.8577144145965576, 0.7906899452209473, 0.742941677570343, 0.8158460855484009, 0.7872128486633301, 0.8202856779098511, 0.8287234306335449, 0.8172828555107117, 0.8278048038482666, 0.7424130439758301, 0.8383427858352661, 0.9060512781143188, 0.8315815925598145, 0.8141545057296753, 0.7871218919754028, 0.8526172637939453, 0.8884239196777344, 0.8039237856864929, 1.0000075101852417, 0.7429525852203369], [0.7195653319358826, 0.7448671460151672, 0.7331500053405762, 0.7934236526489258, 0.8090539574623108, 0.7812026143074036, 0.692272961139679, 0.7161808609962463, 0.8200486898422241, 0.7621756792068481, 0.695238471031189, 0.8133214116096497, 0.8223140835762024, 0.6990319490432739, 0.7779178619384766, 0.7044634819030762, 0.7936648726463318, 0.7591109275817871, 0.7429525852203369, 1.0057497024536133]]}
{"idx": 1, "question": "Tell me a story in five sentences about a boy and his dog.", "score": [[0.9956258535385132, 0.8376426696777344, 0.8519590497016907, 0.7795140743255615, 0.8251537680625916, 0.761110782623291, 0.7955353856086731, 0.8466358184814453, 0.812563419342041, 0.774470865726471, 0.834113359451294, 0.8282666802406311, 0.8161572217941284, 0.7892223596572876, 0.8125815391540527, 0.774643063545227, 0.6454471945762634, 0.7674911618232727, 0.8553875088691711, 0.7442517280578613], [0.8376426696777344, 1.0074026584625244, 0.8649657964706421, 0.8692176342010498, 0.9079417586326599, 0.8439834713935852, 0.8978898525238037, 0.875810980796814, 0.881492555141449, 0.7955973148345947, 0.8736230134963989, 0.8778955936431885, 0.8876963257789612, 0.8825839757919312, 0.8400386571884155, 0.8282985687255859, 0.7378466129302979, 0.8385733366012573, 0.8963376879692078, 0.8286617994308472], [0.8519590497016907, 0.8649657964706421, 0.9981756210327148, 0.8397141098976135, 0.8125851154327393, 0.7897704243659973, 0.8714964985847473, 0.8174932599067688, 0.8055762052536011, 0.7895549535751343, 0.8636645674705505, 0.7766861319541931, 0.8194434642791748, 0.8388723731040955, 0.8258944153785706, 0.8452796339988708, 0.7264797687530518, 0.7568001747131348, 0.8330255746841431, 0.7695693373680115], [0.7795140743255615, 0.8692176342010498, 0.8397141098976135, 0.9999394416809082, 0.8116689920425415, 0.7526069283485413, 0.8863612413406372, 0.8930568099021912, 0.8184501528739929, 0.880358874797821, 0.8798714280128479, 0.7518591284751892, 0.8316749930381775, 0.8696563243865967, 0.9305914044380188, 0.8785785436630249, 0.8079469799995422, 0.7787366509437561, 0.8485916256904602, 0.8632890582084656], [0.8251537680625916, 0.9079418182373047, 0.8125850558280945, 0.8116689920425415, 1.0049365758895874, 0.8310918211936951, 0.8254655599594116, 0.8451933860778809, 0.8765600323677063, 0.7897080183029175, 0.8728034496307373, 0.8432117104530334, 0.8660541772842407, 0.9013055562973022, 0.7728099822998047, 0.8179183006286621, 0.6933774352073669, 0.821056067943573, 0.8910268545150757, 0.7796687483787537], [0.761110782623291, 0.8439834713935852, 0.7897704243659973, 0.7526069283485413, 0.8310918211936951, 1.002983808517456, 0.8229910731315613, 0.7688663601875305, 0.7979415059089661, 0.7344235181808472, 0.840903639793396, 0.8363892436027527, 0.8226099014282227, 0.8074131608009338, 0.7746026515960693, 0.7238774299621582, 0.6779618263244629, 0.7796404957771301, 0.8491315841674805, 0.7855136394500732], [0.7955353856086731, 0.8978898525238037, 0.8714964985847473, 0.8863612413406372, 0.8254655599594116, 0.8229910731315613, 0.9936549663543701, 0.8453162312507629, 0.8244648575782776, 0.803665280342102, 0.8766103386878967, 0.8559489250183105, 0.8355452418327332, 0.8351258039474487, 0.8832215666770935, 0.8249430656433105, 0.8249422311782837, 0.8238797187805176, 0.8666262626647949, 0.8692575693130493], [0.8466358184814453, 0.8758110404014587, 0.8174932599067688, 0.8930568099021912, 0.8451933860778809, 0.7688663601875305, 0.8453162312507629, 0.9953818321228027, 0.8094022870063782, 0.879954993724823, 0.8591363430023193, 0.8225762844085693, 0.8400158286094666, 0.8686779737472534, 0.9244077801704407, 0.8389623761177063, 0.7503223419189453, 0.8518332839012146, 0.84776371717453, 0.886998176574707], [0.812563419342041, 0.881492555141449, 0.8055762052536011, 0.8184501528739929, 0.8765600323677063, 0.7979415059089661, 0.824464738368988, 0.8094022870063782, 1.003342628479004, 0.774843692779541, 0.8709672093391418, 0.7786176800727844, 0.8405160903930664, 0.8686726093292236, 0.7643057107925415, 0.8678187727928162, 0.6740177273750305, 0.7747323513031006, 0.9156757593154907, 0.7466079592704773], [0.774470865726471, 0.7955973148345947, 0.7895549535751343, 0.880358874797821, 0.7897080183029175, 0.7344235181808472, 0.803665280342102, 0.879954993724823, 0.774843692779541, 0.9956012964248657, 0.8708770871162415, 0.7018800973892212, 0.8391539454460144, 0.8166179060935974, 0.8987552523612976, 0.8111026287078857, 0.7005459070205688, 0.7744349837303162, 0.7945480346679688, 0.8378183841705322], [0.834113359451294, 0.8736230134963989, 0.8636645674705505, 0.8798714280128479, 0.8728034496307373, 0.840903639793396, 0.8766103386878967, 0.8591363430023193, 0.8709672093391418, 0.8708770871162415, 0.9947847723960876, 0.7807985544204712, 0.8994748592376709, 0.8894104957580566, 0.8614754676818848, 0.8790256977081299, 0.7311592698097229, 0.8229286670684814, 0.9183375835418701, 0.8234369158744812], [0.8282666802406311, 0.8778955936431885, 0.7766861915588379, 0.7518591284751892, 0.8432117104530334, 0.8363892436027527, 0.8559489250183105, 0.8225762844085693, 0.7786176800727844, 0.7018800973892212, 0.7807985544204712, 1.00544273853302, 0.8022318482398987, 0.7661459445953369, 0.7887055277824402, 0.6990412473678589, 0.7248921394348145, 0.8786026835441589, 0.8211419582366943, 0.8514735102653503], [0.8161572217941284, 0.8876963257789612, 0.8194434642791748, 0.8316749930381775, 0.8660541772842407, 0.8226099014282227, 0.8355453014373779, 0.8400158286094666, 0.8405161499977112, 0.8391539454460144, 0.8994748592376709, 0.8022317886352539, 1.002158761024475, 0.8306835293769836, 0.8282018303871155, 0.7951420545578003, 0.6715126633644104, 0.8049973249435425, 0.8463245630264282, 0.7740147709846497], [0.7892223596572876, 0.8825839757919312, 0.8388723731040955, 0.8696563243865967, 0.9013055562973022, 0.8074131608009338, 0.8351258039474487, 0.8686779737472534, 0.8686726093292236, 0.8166179060935974, 0.8894104957580566, 0.7661459445953369, 0.8306835293769836, 1.0074235200881958, 0.7998611330986023, 0.8947163224220276, 0.7870959639549255, 0.8104057312011719, 0.8966373205184937, 0.8122553825378418], [0.8125815391540527, 0.8400386571884155, 0.8258944153785706, 0.9305914044380188, 0.7728099822998047, 0.7746026515960693, 0.8832215666770935, 0.9244078397750854, 0.7643057107925415, 0.8987552523612976, 0.8614754676818848, 0.788705587387085, 0.8282018303871155, 0.7998611330986023, 1.0059359073638916, 0.8039745688438416, 0.7710884809494019, 0.7901809811592102, 0.8158063888549805, 0.8949115872383118], [0.774643063545227, 0.8282985687255859, 0.8452796936035156, 0.8785785436630249, 0.8179183006286621, 0.7238774299621582, 0.8249430656433105, 0.8389623761177063, 0.8678187727928162, 0.8111027479171753, 0.8790256977081299, 0.6990412473678589, 0.7951419949531555, 0.8947163224220276, 0.8039745092391968, 0.9992435574531555, 0.7318124771118164, 0.7506642937660217, 0.8462313413619995, 0.7695367932319641], [0.6454471945762634, 0.7378466129302979, 0.7264797687530518, 0.8079469799995422, 0.6933773756027222, 0.6779618263244629, 0.8249422311782837, 0.7503223419189453, 0.6740177273750305, 0.7005459070205688, 0.7311592698097229, 0.7248921394348145, 0.6715126633644104, 0.7870959639549255, 0.7710883617401123, 0.7318124771118164, 1.0004297494888306, 0.7385705709457397, 0.7145655155181885, 0.8304142951965332], [0.7674911618232727, 0.8385733962059021, 0.7568001747131348, 0.7787366509437561, 0.821056067943573, 0.7796404957771301, 0.8238797187805176, 0.8518332839012146, 0.7747323513031006, 0.7744349837303162, 0.8229286670684814, 0.8786026239395142, 0.8049973249435425, 0.8104057312011719, 0.7901809811592102, 0.7506642937660217, 0.7385705709457397, 1.0054231882095337, 0.8037329912185669, 0.869615375995636], [0.8553875088691711, 0.896337628364563, 0.8330255746841431, 0.8485916256904602, 0.8910268545150757, 0.8491315841674805, 0.8666262626647949, 0.84776371717453, 0.9156757593154907, 0.7945480346679688, 0.9183375835418701, 0.8211420178413391, 0.8463245630264282, 0.8966373205184937, 0.8158063888549805, 0.8462313413619995, 0.7145655155181885, 0.8037329912185669, 1.005995273590088, 0.805552065372467], [0.7442517280578613, 0.8286619186401367, 0.7695693373680115, 0.8632889986038208, 0.7796687483787537, 0.7855136394500732, 0.8692575693130493, 0.886998176574707, 0.7466079592704773, 0.8378183841705322, 0.8234369158744812, 0.8514735102653503, 0.7740148305892944, 0.8122553825378418, 0.8949115872383118, 0.7695368528366089, 0.830414354801178, 0.869615375995636, 0.805552065372467, 1.0050758123397827]]}
{"idx": 2, "question": "Tell me the plot line in 5 sentences for a romcom movie set in rural Kansas for Easter.", "score": [[0.9964067935943604, 0.8066830039024353, 0.7422302961349487, 0.8298972845077515, 0.7611573338508606, 0.8480113744735718, 0.8287597298622131, 0.8479494452476501, 0.814304530620575, 0.829696536064148, 0.8060021996498108, 0.7812625169754028, 0.8085559606552124, 0.7722833156585693, 0.839020848274231, 0.8473661541938782, 0.7696757316589355, 0.7899122834205627, 0.8190513253211975, 0.7753239870071411], [0.8066830039024353, 1.0031832456588745, 0.7569419145584106, 0.8603231906890869, 0.8060209155082703, 0.8449432849884033, 0.8218816518783569, 0.8944483399391174, 0.8317698836326599, 0.8739595413208008, 0.8470835089683533, 0.7911132574081421, 0.8327217102050781, 0.7786201238632202, 0.8373546004295349, 0.81223464012146, 0.7888845801353455, 0.8324514031410217, 0.8522230982780457, 0.8124663233757019], [0.7422302961349487, 0.7569419145584106, 1.0044883489608765, 0.7816752195358276, 0.8735751509666443, 0.7491373419761658, 0.7468423843383789, 0.7497348189353943, 0.7233779430389404, 0.7588315606117249, 0.7398191094398499, 0.8763194680213928, 0.784795343875885, 0.856890082359314, 0.7639865875244141, 0.7520303130149841, 0.8683732748031616, 0.8285863995552063, 0.7635008096694946, 0.8808879256248474], [0.829897403717041, 0.8603231906890869, 0.7816751003265381, 1.0006022453308105, 0.8051915168762207, 0.8960923552513123, 0.8664734959602356, 0.8952090740203857, 0.8730003833770752, 0.8907068967819214, 0.8724850416183472, 0.7735083699226379, 0.8959385752677917, 0.7724253535270691, 0.8649662733078003, 0.8854274153709412, 0.8076967000961304, 0.8279942274093628, 0.91182541847229, 0.8212031722068787], [0.7611573934555054, 0.8060209155082703, 0.8735751509666443, 0.8051915764808655, 1.004568338394165, 0.7570984363555908, 0.7564470767974854, 0.7879161834716797, 0.7553724050521851, 0.816999077796936, 0.742795467376709, 0.8962831497192383, 0.8052048683166504, 0.8670787215232849, 0.7899255752563477, 0.7890368700027466, 0.9010089039802551, 0.8669382333755493, 0.7783819437026978, 0.906842052936554], [0.8480113744735718, 0.8449432849884033, 0.7491373419761658, 0.8960923552513123, 0.7570984363555908, 0.9983584880828857, 0.8940368890762329, 0.8872274160385132, 0.8788366913795471, 0.8923454880714417, 0.8832830190658569, 0.786523699760437, 0.9064026474952698, 0.7591900825500488, 0.8901795744895935, 0.8738598823547363, 0.809624433517456, 0.8168733716011047, 0.904861330986023, 0.7845733165740967], [0.8287597298622131, 0.8218816518783569, 0.7468423843383789, 0.8664734959602356, 0.7564470767974854, 0.8940368890762329, 1.0068973302841187, 0.8570582270622253, 0.8509857654571533, 0.8785797357559204, 0.9024713635444641, 0.7677009701728821, 0.8431999683380127, 0.7133606672286987, 0.8763814568519592, 0.8603202700614929, 0.7956386804580688, 0.8029786348342896, 0.8618291616439819, 0.7725824117660522], [0.8479495048522949, 0.8944483399391174, 0.7497348189353943, 0.8952090740203857, 0.7879161834716797, 0.887227475643158, 0.8570582270622253, 1.0023857355117798, 0.8648271560668945, 0.8879562616348267, 0.8650259375572205, 0.7601609826087952, 0.8850817084312439, 0.801764965057373, 0.8719804286956787, 0.8672342896461487, 0.7878097295761108, 0.8316829204559326, 0.8735372424125671, 0.8158544898033142], [0.814304530620575, 0.8317698836326599, 0.7233779430389404, 0.8730003833770752, 0.7553724050521851, 0.8788366913795471, 0.8509857654571533, 0.8648271560668945, 1.0014407634735107, 0.8957469463348389, 0.8607967495918274, 0.741166889667511, 0.8589180111885071, 0.7411094903945923, 0.8931634426116943, 0.8762874007225037, 0.7506864070892334, 0.7920259833335876, 0.8699975609779358, 0.7802042365074158], [0.829696536064148, 0.8739595413208008, 0.7588315606117249, 0.8907068967819214, 0.816999077796936, 0.8923454880714417, 0.8785797357559204, 0.8879562616348267, 0.8957469463348389, 1.003964900970459, 0.8642196655273438, 0.7982681393623352, 0.8832817673683167, 0.7757120132446289, 0.9017751812934875, 0.9164312481880188, 0.8146738409996033, 0.8360694646835327, 0.8654600977897644, 0.8142597675323486], [0.8060021996498108, 0.8470835089683533, 0.7398191094398499, 0.8724850416183472, 0.742795467376709, 0.8832830190658569, 0.9024713635444641, 0.8650258779525757, 0.8607967495918274, 0.8642196655273438, 0.9994484782218933, 0.7397183179855347, 0.8685871958732605, 0.7379056811332703, 0.8355979323387146, 0.8339097499847412, 0.7547425031661987, 0.8278546929359436, 0.875088095664978, 0.773164689540863], [0.7812625169754028, 0.7911132574081421, 0.8763194680213928, 0.7735083699226379, 0.8962831497192383, 0.786523699760437, 0.7677009701728821, 0.7601609826087952, 0.741166889667511, 0.7982681393623352, 0.7397183179855347, 0.9927151799201965, 0.8117560148239136, 0.8428944945335388, 0.7888198494911194, 0.7692776918411255, 0.8893348574638367, 0.8390742540359497, 0.7714002728462219, 0.8796662092208862], [0.8085559010505676, 0.8327217102050781, 0.784795343875885, 0.8959385752677917, 0.8052048683166504, 0.9064026474952698, 0.8431999683380127, 0.8850817084312439, 0.8589180111885071, 0.8832817673683167, 0.8685871958732605, 0.8117560148239136, 1.0080828666687012, 0.8041475415229797, 0.8638797402381897, 0.8551236987113953, 0.8367422819137573, 0.8252646923065186, 0.8678252100944519, 0.8285204768180847], [0.7722833156585693, 0.7786201238632202, 0.856890082359314, 0.7724253535270691, 0.8670787215232849, 0.7591900825500488, 0.7133606672286987, 0.801764965057373, 0.7411094903945923, 0.7757120132446289, 0.7379056811332703, 0.842894434928894, 0.8041476011276245, 1.004657506942749, 0.740685224533081, 0.744631290435791, 0.8417433500289917, 0.8732057213783264, 0.7675926089286804, 0.8419336676597595], [0.839020848274231, 0.8373546004295349, 0.7639865875244141, 0.8649662733078003, 0.7899255752563477, 0.8901795744895935, 0.8763814568519592, 0.8719804286956787, 0.8931634426116943, 0.9017751812934875, 0.8355979323387146, 0.7888198494911194, 0.8638797402381897, 0.7406851053237915, 1.0008721351623535, 0.9066906571388245, 0.8067070841789246, 0.7952598333358765, 0.8523261547088623, 0.8139284253120422], [0.8473661541938782, 0.81223464012146, 0.7520303130149841, 0.8854274153709412, 0.7890368700027466, 0.8738598823547363, 0.8603202700614929, 0.8672342896461487, 0.8762874007225037, 0.9164312481880188, 0.8339097499847412, 0.7692776918411255, 0.8551236987113953, 0.744631290435791, 0.9066906571388245, 0.9964317679405212, 0.7813119292259216, 0.7844662666320801, 0.8559759259223938, 0.7903507947921753], [0.7696757316589355, 0.7888845801353455, 0.8683732748031616, 0.8076967000961304, 0.9010089039802551, 0.809624433517456, 0.7956386804580688, 0.7878097295761108, 0.7506864070892334, 0.8146738409996033, 0.7547425031661987, 0.8893348574638367, 0.8367422819137573, 0.8417433500289917, 0.8067070841789246, 0.7813119292259216, 0.9964224696159363, 0.8316599726676941, 0.7870324850082397, 0.8950493931770325], [0.7899122834205627, 0.8324514031410217, 0.8285863995552063, 0.8279942274093628, 0.8669382333755493, 0.8168733716011047, 0.8029786348342896, 0.8316829204559326, 0.7920259833335876, 0.8360694646835327, 0.8278546929359436, 0.8390742540359497, 0.8252646923065186, 0.8732057213783264, 0.7952598333358765, 0.7844662666320801, 0.8316599726676941, 0.9954433441162109, 0.8406272530555725, 0.8444385528564453], [0.8190513253211975, 0.8522230982780457, 0.7635008096694946, 0.91182541847229, 0.778381884098053, 0.904861330986023, 0.8618291616439819, 0.8735372424125671, 0.8699975609779358, 0.8654600977897644, 0.875088095664978, 0.7714002728462219, 0.8678252100944519, 0.7675926089286804, 0.8523260354995728, 0.8559759259223938, 0.7870324850082397, 0.8406272530555725, 0.9976884722709656, 0.7899349331855774], [0.7753239870071411, 0.8124663233757019, 0.8808879256248474, 0.8212031722068787, 0.906842052936554, 0.7845733165740967, 0.7725824117660522, 0.8158544898033142, 0.7802042365074158, 0.8142597675323486, 0.773164689540863, 0.8796661496162415, 0.8285204768180847, 0.8419336676597595, 0.8139284253120422, 0.7903507947921753, 0.8950493931770325, 0.8444385528564453, 0.7899349331855774, 0.9971977472305298]]}
{"idx": 3, "question": "Write a haiku about a whale and a walnut tree.", "score": [[0.999666154384613, 0.8399523496627808, 0.8845945596694946, 0.902725875377655, 0.8735853433609009, 0.8829032182693481, 0.9143097400665283, 0.8579730987548828, 0.8734571933746338, 0.8794515132904053, 0.8859929442405701, 0.859602153301239, 0.8572887182235718, 0.9253138303756714, 0.9209405183792114, 0.8577995300292969, 0.8805288672447205, 0.8812128901481628, 0.8574603199958801], [0.8399523496627808, 1.006590485572815, 0.9067953824996948, 0.9078943133354187, 0.8861671686172485, 0.8294161558151245, 0.8511650562286377, 0.8759821653366089, 0.8801994919776917, 0.8978909254074097, 0.9020533561706543, 0.9087592363357544, 0.9187405109405518, 0.8333700299263, 0.8993587493896484, 0.8341142535209656, 0.9161950945854187, 0.8936514854431152, 0.8769146203994751], [0.8845945596694946, 0.9067953824996948, 0.9983011484146118, 0.9401773810386658, 0.9066305756568909, 0.8581832647323608, 0.8754316568374634, 0.8927127122879028, 0.8982804417610168, 0.9184269309043884, 0.9045265913009644, 0.9046796560287476, 0.929747998714447, 0.870209276676178, 0.9329439997673035, 0.8766367435455322, 0.9336257576942444, 0.9133145213127136, 0.9294452667236328], [0.902725875377655, 0.9078943133354187, 0.9401773810386658, 1.0066550970077515, 0.9357465505599976, 0.8938984274864197, 0.8879721164703369, 0.9154725074768066, 0.9476265907287598, 0.9660840034484863, 0.956707775592804, 0.929543137550354, 0.9495415091514587, 0.9187604188919067, 0.9684908986091614, 0.8956577777862549, 0.9633925557136536, 0.9488855600357056, 0.9481846690177917], [0.8735853433609009, 0.8861671686172485, 0.9066305756568909, 0.9357465505599976, 0.9942731261253357, 0.9453082084655762, 0.884486734867096, 0.941788911819458, 0.957287073135376, 0.9492056369781494, 0.9191597700119019, 0.9309935569763184, 0.8970120549201965, 0.8985205888748169, 0.9292564392089844, 0.8743866086006165, 0.9409219026565552, 0.8873152136802673, 0.9034207463264465], [0.8829032182693481, 0.8294161558151245, 0.8581832647323608, 0.8938984274864197, 0.9453082084655762, 1.003412127494812, 0.8870887756347656, 0.9331240653991699, 0.9461227059364319, 0.9110376238822937, 0.8733269572257996, 0.8895264863967896, 0.8511757850646973, 0.8909792900085449, 0.8891503810882568, 0.8386366367340088, 0.887824535369873, 0.8198192715644836, 0.8626788854598999], [0.9143097400665283, 0.8511650562286377, 0.8754315972328186, 0.8879721164703369, 0.884486734867096, 0.8870887756347656, 0.9971765279769897, 0.8650804758071899, 0.8851726651191711, 0.8960538506507874, 0.8833034038543701, 0.8631106019020081, 0.8648321628570557, 0.89007169008255, 0.8972063660621643, 0.8627178072929382, 0.8762481212615967, 0.8477429151535034, 0.8814447522163391], [0.8579730987548828, 0.8759821653366089, 0.8927127122879028, 0.9154725074768066, 0.941788911819458, 0.9331240653991699, 0.8650804758071899, 0.9933137893676758, 0.9314619302749634, 0.9239649176597595, 0.9070947170257568, 0.9331163763999939, 0.901207685470581, 0.8729038238525391, 0.8992686867713928, 0.8586669564247131, 0.9181123375892639, 0.8586004376411438, 0.894761323928833], [0.8734571933746338, 0.8801994919776917, 0.8982804417610168, 0.9476265907287598, 0.957287073135376, 0.9461227059364319, 0.8851726651191711, 0.9314619302749634, 1.0006717443466187, 0.9542400240898132, 0.9314175248146057, 0.9415766596794128, 0.9058920741081238, 0.8737148642539978, 0.9251621961593628, 0.8572585582733154, 0.9348320960998535, 0.8844050765037537, 0.9158047437667847], [0.8794515132904053, 0.8978909850120544, 0.9184269309043884, 0.9660840034484863, 0.9492056369781494, 0.9110376238822937, 0.8960538506507874, 0.9239649176597595, 0.9542400240898132, 1.0006083250045776, 0.9448959231376648, 0.9155662655830383, 0.9427260160446167, 0.890617847442627, 0.9443932175636292, 0.884801983833313, 0.9527574181556702, 0.9059358239173889, 0.9491903781890869], [0.8859929442405701, 0.9020533561706543, 0.9045265913009644, 0.956707775592804, 0.9191597700119019, 0.8733269572257996, 0.8833034038543701, 0.9070947170257568, 0.9314175248146057, 0.9448959231376648, 0.9936299324035645, 0.9042206406593323, 0.9191843271255493, 0.9107859134674072, 0.9511827826499939, 0.8663178086280823, 0.9342589974403381, 0.9367784857749939, 0.9109100699424744], [0.859602153301239, 0.9087592363357544, 0.9046796560287476, 0.929543137550354, 0.9309935569763184, 0.8895264863967896, 0.8631106019020081, 0.9331163763999939, 0.9415766596794128, 0.9155662655830383, 0.9042206406593323, 0.998207688331604, 0.9275610446929932, 0.8534597158432007, 0.9047046899795532, 0.8654943108558655, 0.9356687068939209, 0.882941484451294, 0.9118369221687317], [0.8572887182235718, 0.9187405109405518, 0.929747998714447, 0.9495415091514587, 0.8970120549201965, 0.8511757850646973, 0.8648321628570557, 0.901207685470581, 0.9058920741081238, 0.9427261352539062, 0.9191843271255493, 0.9275610446929932, 1.001503825187683, 0.8508865237236023, 0.9276297092437744, 0.8702210783958435, 0.9405200481414795, 0.9001127481460571, 0.9519864916801453], [0.9253138303756714, 0.8333700895309448, 0.870209276676178, 0.9187604188919067, 0.8985205888748169, 0.8909792900085449, 0.89007169008255, 0.8729038238525391, 0.8737148642539978, 0.890617847442627, 0.9107859134674072, 0.8534597158432007, 0.8508865237236023, 0.9931904077529907, 0.9254447817802429, 0.8616085052490234, 0.8895208835601807, 0.8902028203010559, 0.8501732349395752], [0.9209405183792114, 0.8993587493896484, 0.9329439997673035, 0.9684908986091614, 0.9292564392089844, 0.8891503810882568, 0.8972063660621643, 0.8992686867713928, 0.9251621961593628, 0.9443932175636292, 0.9511827826499939, 0.9047046899795532, 0.9276297092437744, 0.9254447817802429, 1.0061355829238892, 0.8711085319519043, 0.9352023601531982, 0.9641398787498474, 0.9202677607536316], [0.8577995300292969, 0.8341142535209656, 0.8766367435455322, 0.8956577777862549, 0.8743866086006165, 0.8386366367340088, 0.8627178072929382, 0.8586669564247131, 0.8572585582733154, 0.8848019242286682, 0.8663178086280823, 0.8654943108558655, 0.8702210783958435, 0.8616085052490234, 0.8711085319519043, 0.9969366788864136, 0.8859151601791382, 0.856635570526123, 0.8950055837631226], [0.8805288076400757, 0.9161950349807739, 0.9336257576942444, 0.9633926153182983, 0.9409219622612, 0.887824535369873, 0.8762480616569519, 0.9181121587753296, 0.9348320960998535, 0.9527573585510254, 0.9342589378356934, 0.9356687068939209, 0.9405200481414795, 0.8895208835601807, 0.9352023005485535, 0.8859150409698486, 1.0022164583206177, 0.9246952533721924, 0.919693648815155], [0.8812127709388733, 0.8936514854431152, 0.9133145213127136, 0.9488855600357056, 0.8873152732849121, 0.8198191523551941, 0.8477428555488586, 0.858600378036499, 0.8844051957130432, 0.9059358239173889, 0.9367784261703491, 0.8829416036605835, 0.9001128077507019, 0.8902027606964111, 0.9641399383544922, 0.8566356897354126, 0.9246952533721924, 1.0083366632461548, 0.8900539875030518], [0.8574601411819458, 0.8769146203994751, 0.9294452667236328, 0.9481847882270813, 0.9034209251403809, 0.8626789450645447, 0.8814446926116943, 0.8947612047195435, 0.9158046245574951, 0.9491902589797974, 0.9109100103378296, 0.9118369221687317, 0.9519864916801453, 0.8501731157302856, 0.9202677607536316, 0.8950055241584778, 0.9196937680244446, 0.8900539875030518, 0.9950673580169678]]}
{"idx": 4, "question": "Write a short love poem with 4 lines.", "score": [[1.0057952404022217, 0.7224057912826538, 0.7457830905914307, 0.8378934860229492, 0.7715637683868408, 0.726315975189209, 0.8222896456718445, 0.7112606167793274, 0.77032071352005, 0.8299257159233093, 0.8042421936988831, 0.8273622393608093, 0.7340093851089478, 0.7215196490287781, 0.778710126876831, 0.7720819115638733, 0.756172776222229, 0.7700070142745972, 0.7551516890525818], [0.7224057912826538, 1.0046052932739258, 0.7648612260818481, 0.7801010012626648, 0.7217422723770142, 0.7117663621902466, 0.7750599980354309, 0.7377519011497498, 0.7618327140808105, 0.7672401070594788, 0.781069278717041, 0.6993350982666016, 0.7250237464904785, 0.694220244884491, 0.7308518886566162, 0.7447890639305115, 0.7947625517845154, 0.7517526149749756, 0.7395353317260742], [0.7457830905914307, 0.7648612260818481, 0.9960512518882751, 0.7894028425216675, 0.7634032964706421, 0.7346872091293335, 0.739832878112793, 0.7229335308074951, 0.811153769493103, 0.7128188610076904, 0.80616295337677, 0.7278013229370117, 0.7457311153411865, 0.6578556895256042, 0.8084089756011963, 0.7611677050590515, 0.7827279567718506, 0.7267103791236877, 0.7811059951782227], [0.8378934860229492, 0.7801010012626648, 0.7894028425216675, 0.9991192817687988, 0.7367942929267883, 0.6684178113937378, 0.7986997961997986, 0.6892555952072144, 0.7253816723823547, 0.8000782132148743, 0.7582438588142395, 0.7772382497787476, 0.6940931081771851, 0.682390034198761, 0.7708601355552673, 0.7943460941314697, 0.7597667574882507, 0.7380596399307251, 0.7271429300308228], [0.771563708782196, 0.7217422723770142, 0.7634032964706421, 0.7367943525314331, 1.0040746927261353, 0.8052074909210205, 0.8212788105010986, 0.7693362236022949, 0.8066309094429016, 0.7494049668312073, 0.844413697719574, 0.8600816130638123, 0.8287743330001831, 0.7831043601036072, 0.8623754978179932, 0.7901531457901001, 0.8378068208694458, 0.7274402379989624, 0.8546531796455383], [0.726315975189209, 0.7117663621902466, 0.7346872091293335, 0.6684178113937378, 0.8052074909210205, 0.995297908782959, 0.8526642322540283, 0.7521798610687256, 0.814210057258606, 0.7630853652954102, 0.769192099571228, 0.7804985046386719, 0.8534716963768005, 0.8466497659683228, 0.7810110449790955, 0.7474057078361511, 0.8388283848762512, 0.7370676398277283, 0.8253070116043091], [0.8222896456718445, 0.7750599980354309, 0.739832878112793, 0.7986997961997986, 0.8212788105010986, 0.8526642322540283, 1.0057377815246582, 0.7367626428604126, 0.8082693815231323, 0.8180931806564331, 0.8227645754814148, 0.8139249682426453, 0.8266693353652954, 0.8682279586791992, 0.8200110197067261, 0.8512760400772095, 0.8533163070678711, 0.7939057350158691, 0.8308843970298767], [0.7112606167793274, 0.7377519011497498, 0.7229335904121399, 0.6892555952072144, 0.7693362832069397, 0.7521798610687256, 0.7367626428604126, 1.0005801916122437, 0.7546589970588684, 0.71097332239151, 0.740285336971283, 0.7405600547790527, 0.7699896693229675, 0.7353741526603699, 0.7445881962776184, 0.7620922327041626, 0.7512173056602478, 0.7433676719665527, 0.7949361205101013], [0.77032071352005, 0.7618327140808105, 0.811153769493103, 0.7253816723823547, 0.8066309094429016, 0.814210057258606, 0.8082694411277771, 0.7546589970588684, 1.0038440227508545, 0.7649840712547302, 0.8553365468978882, 0.765815794467926, 0.8167096376419067, 0.717822253704071, 0.840764582157135, 0.8247495889663696, 0.8160023093223572, 0.7730832099914551, 0.8387627601623535], [0.8299257159233093, 0.7672401070594788, 0.7128188610076904, 0.8000782132148743, 0.7494049668312073, 0.7630853652954102, 0.8180931806564331, 0.71097332239151, 0.7649840712547302, 0.9950737357139587, 0.7607608437538147, 0.8424366116523743, 0.7300885915756226, 0.7545205950737, 0.7718648910522461, 0.7515976428985596, 0.7997338771820068, 0.7940145134925842, 0.7546009421348572], [0.8042421936988831, 0.781069278717041, 0.80616295337677, 0.7582438588142395, 0.844413697719574, 0.769192099571228, 0.8227645754814148, 0.740285336971283, 0.8553365468978882, 0.7607608437538147, 1.0023586750030518, 0.7970892190933228, 0.7880399823188782, 0.7479778528213501, 0.855391800403595, 0.8401921391487122, 0.8298215866088867, 0.7864559888839722, 0.842849612236023], [0.8273622393608093, 0.6993350982666016, 0.7278013229370117, 0.7772382497787476, 0.8600815534591675, 0.7804985046386719, 0.8139249682426453, 0.7405600547790527, 0.765815794467926, 0.8424366116523743, 0.7970892190933228, 1.002533197402954, 0.7574805617332458, 0.7839223742485046, 0.8200737237930298, 0.778340756893158, 0.8200706243515015, 0.7477031946182251, 0.7581961154937744], [0.7340093851089478, 0.7250237464904785, 0.7457311153411865, 0.6940931081771851, 0.8287743330001831, 0.8534716963768005, 0.8266693353652954, 0.7699896693229675, 0.8167096376419067, 0.7300885915756226, 0.7880399823188782, 0.7574805617332458, 0.9967951774597168, 0.7867586016654968, 0.8103668093681335, 0.7747207880020142, 0.8189160227775574, 0.7290313839912415, 0.8621255159378052], [0.7215196490287781, 0.694220244884491, 0.6578556895256042, 0.682390034198761, 0.7831044793128967, 0.8466497659683228, 0.868228018283844, 0.7353741526603699, 0.717822253704071, 0.7545205950737, 0.7479779720306396, 0.7839223742485046, 0.7867586016654968, 1.0004373788833618, 0.7630689144134521, 0.7516348361968994, 0.7924995422363281, 0.7268669009208679, 0.7737860083580017], [0.778710126876831, 0.7308518886566162, 0.8084089756011963, 0.7708601355552673, 0.8623754978179932, 0.7810109257698059, 0.8200110197067261, 0.7445881962776184, 0.840764582157135, 0.7718648910522461, 0.855391800403595, 0.8200737237930298, 0.8103668093681335, 0.7630689144134521, 1.0030320882797241, 0.822670578956604, 0.8215389251708984, 0.7653906941413879, 0.8419615626335144], [0.7720819115638733, 0.7447890639305115, 0.7611677050590515, 0.7943460941314697, 0.7901531457901001, 0.7474057078361511, 0.8512760400772095, 0.7620921730995178, 0.8247495889663696, 0.7515976428985596, 0.8401921391487122, 0.778340756893158, 0.7747207880020142, 0.7516348361968994, 0.822670578956604, 0.9982417225837708, 0.7818838357925415, 0.7502664923667908, 0.8130465745925903], [0.756172776222229, 0.7947623133659363, 0.7827280163764954, 0.7597668170928955, 0.8378069400787354, 0.838828444480896, 0.8533163666725159, 0.7512171864509583, 0.8160023093223572, 0.7997337579727173, 0.8298215866088867, 0.8200705647468567, 0.8189160227775574, 0.7924995422363281, 0.8215388655662537, 0.781883955001831, 0.9962538480758667, 0.7522895932197571, 0.815963864326477], [0.7700070142745972, 0.7517526149749756, 0.7267104387283325, 0.7380596399307251, 0.7274401187896729, 0.7370676398277283, 0.7939057350158691, 0.7433676719665527, 0.7730832695960999, 0.7940145134925842, 0.7864559888839722, 0.7477032542228699, 0.7290313839912415, 0.7268669009208679, 0.7653906345367432, 0.750266432762146, 0.7522896528244019, 1.0057928562164307, 0.7852998971939087], [0.7551517486572266, 0.7395353317260742, 0.7811059951782227, 0.7271429300308228, 0.8546532392501831, 0.8253068923950195, 0.8308842182159424, 0.7949361801147461, 0.8387627601623535, 0.7546008229255676, 0.8428496718406677, 0.7581961154937744, 0.8621255159378052, 0.7737858891487122, 0.8419615626335144, 0.8130466341972351, 0.815963864326477, 0.7852998971939087, 0.9971678256988525]]}
