{"idx": 0, "question": "Tell me a story in five sentences about a girl and her dog.", "score": [[0.9957398772239685, 0.8601711988449097, 0.8425658345222473, 0.918129026889801, 0.820752739906311, 0.7811328172683716, 0.8409749269485474, 0.7723106741905212, 0.8256953358650208, 0.667244553565979, 0.857172966003418, 0.805870532989502, 0.7232643961906433, 0.765084981918335, 0.7596780061721802], [0.8601711988449097, 0.9958091974258423, 0.7765942215919495, 0.8806889057159424, 0.8912116289138794, 0.8796877861022949, 0.8299218416213989, 0.8767391443252563, 0.895113468170166, 0.6668745279312134, 0.772612452507019, 0.9008971452713013, 0.7899894118309021, 0.7128338813781738, 0.8664227724075317], [0.8425658345222473, 0.7765942215919495, 0.9941179156303406, 0.8284903168678284, 0.7901012897491455, 0.7128533124923706, 0.787959098815918, 0.6694607734680176, 0.7614010572433472, 0.7682347297668457, 0.8357954025268555, 0.7305511236190796, 0.7112950682640076, 0.8140982985496521, 0.7242982387542725], [0.918129026889801, 0.8806889057159424, 0.8284903168678284, 1.0049946308135986, 0.841381311416626, 0.7694656848907471, 0.832598865032196, 0.7791265249252319, 0.806731104850769, 0.6535536646842957, 0.8115233778953552, 0.8043814301490784, 0.7498128414154053, 0.7339509725570679, 0.7878432273864746], [0.820752739906311, 0.8912116289138794, 0.7901012897491455, 0.841381311416626, 1.003479242324829, 0.8482987284660339, 0.8633216619491577, 0.8227860331535339, 0.8561437726020813, 0.7317556142807007, 0.7582564353942871, 0.8582103848457336, 0.8087984323501587, 0.73121577501297, 0.867142915725708], [0.7811328172683716, 0.8796877861022949, 0.7128533124923706, 0.7694656848907471, 0.8482987284660339, 0.9979649782180786, 0.7882682085037231, 0.9129932522773743, 0.9321648478507996, 0.6668365001678467, 0.7223801016807556, 0.9157431125640869, 0.7414870262145996, 0.7160317897796631, 0.8323941826820374], [0.8409749269485474, 0.8299218416213989, 0.787959098815918, 0.832598865032196, 0.8633216619491577, 0.7882682085037231, 0.9990721940994263, 0.786240816116333, 0.8119166493415833, 0.6672680377960205, 0.8228955864906311, 0.8221945762634277, 0.7403008341789246, 0.6973686218261719, 0.7277968525886536], [0.7723106741905212, 0.8767391443252563, 0.6694607734680176, 0.7791265249252319, 0.8227860331535339, 0.9129932522773743, 0.786240816116333, 0.9955178499221802, 0.8903652429580688, 0.6052545309066772, 0.7037312388420105, 0.8895682096481323, 0.7335408926010132, 0.6717405319213867, 0.7997830510139465], [0.8256953358650208, 0.895113468170166, 0.7614010572433472, 0.806731104850769, 0.8561437726020813, 0.9321648478507996, 0.8119166493415833, 0.8903652429580688, 0.9961596727371216, 0.7103196978569031, 0.7653446197509766, 0.9126935005187988, 0.7496862411499023, 0.7693451046943665, 0.8308444619178772], [0.667244553565979, 0.6668745279312134, 0.7682347297668457, 0.6535536646842957, 0.7317556142807007, 0.6668365001678467, 0.6672680377960205, 0.6052545309066772, 0.7103196978569031, 0.9990427494049072, 0.7062622904777527, 0.709176778793335, 0.6917154788970947, 0.7253158688545227, 0.7267677187919617], [0.857172966003418, 0.772612452507019, 0.8357954025268555, 0.8115233778953552, 0.7582564353942871, 0.7223801016807556, 0.8228955864906311, 0.7037312388420105, 0.7653446197509766, 0.7062622904777527, 1.0034689903259277, 0.7496035099029541, 0.6581907868385315, 0.7736676931381226, 0.6826514005661011], [0.805870532989502, 0.9008971452713013, 0.7305511236190796, 0.8043814301490784, 0.8582103848457336, 0.9157431125640869, 0.8221945762634277, 0.8895682096481323, 0.9126935005187988, 0.709176778793335, 0.7496035099029541, 1.0006864070892334, 0.8485991954803467, 0.6970609426498413, 0.870380699634552], [0.7232643961906433, 0.7899894118309021, 0.7112950682640076, 0.7498128414154053, 0.8087984323501587, 0.7414870262145996, 0.7403008341789246, 0.7335408926010132, 0.7496862411499023, 0.6917154788970947, 0.6581907868385315, 0.8485991954803467, 0.994994044303894, 0.6057600975036621, 0.8106606006622314], [0.765084981918335, 0.7128338813781738, 0.8140982985496521, 0.7339509725570679, 0.73121577501297, 0.7160317897796631, 0.6973686218261719, 0.6717405319213867, 0.7693451046943665, 0.7253158688545227, 0.7736676931381226, 0.6970609426498413, 0.6057600975036621, 1.0025262832641602, 0.6902044415473938], [0.7596780061721802, 0.8664227724075317, 0.7242982387542725, 0.7878432273864746, 0.867142915725708, 0.8323941826820374, 0.7277968525886536, 0.7997830510139465, 0.8308444619178772, 0.7267677187919617, 0.6826514005661011, 0.870380699634552, 0.8106606006622314, 0.6902044415473938, 1.0049973726272583]]}
{"idx": 1, "question": "Tell me a story in five sentences about a boy and his dog.", "score": [[1.005803108215332, 0.8719477653503418, 0.9088624119758606, 0.8494502305984497, 0.8010091781616211, 0.7482384443283081, 0.7799268364906311, 0.6969820857048035, 0.8758644461631775, 0.8355118632316589, 0.7863376140594482, 0.8448039293289185, 0.8738054037094116, 0.7847642302513123, 0.8299378752708435], [0.8719477653503418, 0.9930434823036194, 0.876116156578064, 0.8761225342750549, 0.7797006964683533, 0.7650004625320435, 0.845841646194458, 0.6628561019897461, 0.8862004280090332, 0.8305301666259766, 0.7530587911605835, 0.8840363621711731, 0.8303660154342651, 0.7967482805252075, 0.8111951351165771], [0.9088624119758606, 0.876116156578064, 1.0024468898773193, 0.8475677967071533, 0.7955272793769836, 0.7879770398139954, 0.7761945128440857, 0.7085885405540466, 0.8763976097106934, 0.8549438714981079, 0.7807353138923645, 0.8174682259559631, 0.8954442739486694, 0.8327921628952026, 0.811654806137085], [0.8494502305984497, 0.8761225342750549, 0.8475677967071533, 0.9974582195281982, 0.7281505465507507, 0.7284613251686096, 0.8491507768630981, 0.6036386489868164, 0.8524420261383057, 0.7480199933052063, 0.6643555164337158, 0.841130256652832, 0.772772490978241, 0.8077139854431152, 0.7536362409591675], [0.8010091781616211, 0.7797006964683533, 0.7955272793769836, 0.7281505465507507, 0.9956264495849609, 0.7258658409118652, 0.7392314672470093, 0.7783099412918091, 0.7382079362869263, 0.8239659070968628, 0.6967025399208069, 0.7563278079032898, 0.7182005047798157, 0.7299098968505859, 0.860946536064148], [0.7482384443283081, 0.7650004625320435, 0.7879770398139954, 0.7284613251686096, 0.7258658409118652, 0.9935559034347534, 0.741249680519104, 0.7653789520263672, 0.7202060222625732, 0.8015314936637878, 0.7191441655158997, 0.7165777683258057, 0.8220697641372681, 0.6993558406829834, 0.7729865312576294], [0.7799268364906311, 0.845841646194458, 0.7761945128440857, 0.8491507768630981, 0.7392314672470093, 0.741249680519104, 1.001832365989685, 0.7513983249664307, 0.8599216341972351, 0.7553608417510986, 0.6581094861030579, 0.88092041015625, 0.7229911088943481, 0.7629325985908508, 0.812175452709198], [0.6969820857048035, 0.6628561019897461, 0.7085885405540466, 0.6036386489868164, 0.7783099412918091, 0.7653789520263672, 0.7513983249664307, 1.0007359981536865, 0.7036339044570923, 0.7752032279968262, 0.7250390648841858, 0.7024573087692261, 0.704226553440094, 0.6687660217285156, 0.8234322667121887], [0.8758644461631775, 0.8862004280090332, 0.8763976097106934, 0.8524420261383057, 0.7382079362869263, 0.7202060222625732, 0.8599216341972351, 0.7036339044570923, 1.0058610439300537, 0.7519649267196655, 0.7465806007385254, 0.9044616222381592, 0.8329648375511169, 0.8158578872680664, 0.7897915244102478], [0.8355118632316589, 0.8305301666259766, 0.8549438714981079, 0.7480199933052063, 0.8239659070968628, 0.8015314936637878, 0.7553608417510986, 0.7752032279968262, 0.7519649267196655, 1.003431797027588, 0.7710453867912292, 0.749474287033081, 0.8266638517379761, 0.716218888759613, 0.8749790191650391], [0.7863376140594482, 0.7530587911605835, 0.7807353138923645, 0.6643555164337158, 0.6967025399208069, 0.7191441655158997, 0.6581094861030579, 0.7250390648841858, 0.7465806007385254, 0.7710453867912292, 1.0048930644989014, 0.7263293266296387, 0.7793681621551514, 0.7199015021324158, 0.7545874714851379], [0.8448039293289185, 0.8840363621711731, 0.8174682259559631, 0.841130256652832, 0.7563278079032898, 0.7165777683258057, 0.88092041015625, 0.7024573087692261, 0.9044616222381592, 0.749474287033081, 0.7263293266296387, 1.000441074371338, 0.7603002786636353, 0.8032103776931763, 0.772968053817749], [0.8738054037094116, 0.8303660154342651, 0.8954442739486694, 0.772772490978241, 0.7182005047798157, 0.8220697641372681, 0.7229911088943481, 0.704226553440094, 0.8329648375511169, 0.8266638517379761, 0.7793681621551514, 0.7603002786636353, 0.9973143339157104, 0.7686703205108643, 0.7772228121757507], [0.7847642302513123, 0.7967482805252075, 0.8327921628952026, 0.8077139854431152, 0.7299098968505859, 0.6993558406829834, 0.7629325985908508, 0.6687660217285156, 0.8158578872680664, 0.716218888759613, 0.7199015021324158, 0.8032103776931763, 0.7686703205108643, 0.9974855184555054, 0.7319463491439819], [0.8299378752708435, 0.8111951351165771, 0.811654806137085, 0.7536362409591675, 0.860946536064148, 0.7729865312576294, 0.812175452709198, 0.8234322667121887, 0.7897915244102478, 0.8749790191650391, 0.7545874714851379, 0.772968053817749, 0.7772228121757507, 0.7319463491439819, 1.007660150527954]]}
{"idx": 2, "question": "Tell me the plot line in 5 sentences for a romcom movie set in rural Kansas for Easter.", "score": [[1.0055464506149292, 0.7924731373786926, 0.8315482139587402, 0.8710153102874756, 0.7639221549034119, 0.8576784133911133, 0.7564497590065002, 0.7962713241577148, 0.8809941411018372, 0.8158560991287231, 0.8897116184234619, 0.7681548595428467, 0.8267027139663696, 0.7942681312561035, 0.8270807266235352], [0.7924731373786926, 1.0033018589019775, 0.846613347530365, 0.8656012415885925, 0.7137575149536133, 0.8622828722000122, 0.842816948890686, 0.769492506980896, 0.8591444492340088, 0.8638206720352173, 0.797539234161377, 0.7123110890388489, 0.8307583928108215, 0.7105768918991089, 0.8375130891799927], [0.8315482139587402, 0.846613347530365, 0.9955539107322693, 0.8525506258010864, 0.7631655335426331, 0.8756315112113953, 0.8117655515670776, 0.8675472140312195, 0.8484044075012207, 0.839361310005188, 0.8190597295761108, 0.7773653864860535, 0.8419857621192932, 0.8206539154052734, 0.8369535803794861], [0.8710153102874756, 0.8656012415885925, 0.8525506258010864, 1.0062623023986816, 0.7523641586303711, 0.8642340898513794, 0.8233040571212769, 0.7911263704299927, 0.9162313938140869, 0.8941889405250549, 0.8398469090461731, 0.7394031286239624, 0.8845175504684448, 0.7480071783065796, 0.8840885758399963], [0.7639221549034119, 0.7137575149536133, 0.7631655335426331, 0.7523641586303711, 0.9964073300361633, 0.8048921823501587, 0.7944743633270264, 0.8550599813461304, 0.7650020122528076, 0.7327475547790527, 0.7464483976364136, 0.774103045463562, 0.7283955216407776, 0.8427807688713074, 0.7401378154754639], [0.8576784133911133, 0.8622828722000122, 0.8756315112113953, 0.8642340898513794, 0.8048921823501587, 0.9942393898963928, 0.8385381698608398, 0.8345975279808044, 0.8975492715835571, 0.8606358766555786, 0.8292018175125122, 0.7681944370269775, 0.8396553993225098, 0.8170710206031799, 0.8616968393325806], [0.7564497590065002, 0.842816948890686, 0.8117655515670776, 0.8233040571212769, 0.7944743633270264, 0.8385381698608398, 1.0007950067520142, 0.812233567237854, 0.8295010328292847, 0.8087791204452515, 0.7426998019218445, 0.7260772585868835, 0.792765200138092, 0.7731789350509644, 0.7942366600036621], [0.7962713241577148, 0.769492506980896, 0.8675472140312195, 0.7911263704299927, 0.8550599813461304, 0.8345975279808044, 0.812233567237854, 1.0026198625564575, 0.7836402058601379, 0.7689851522445679, 0.7926660776138306, 0.8695782423019409, 0.7708767652511597, 0.9242076277732849, 0.801597535610199], [0.8809941411018372, 0.8591444492340088, 0.8484044075012207, 0.9162313938140869, 0.7650020122528076, 0.8975492715835571, 0.8295010328292847, 0.7836402058601379, 1.0017292499542236, 0.8818149566650391, 0.8362770080566406, 0.736838698387146, 0.8623252511024475, 0.7681252956390381, 0.8705955743789673], [0.8158560991287231, 0.8638206720352173, 0.839361310005188, 0.8941889405250549, 0.7327475547790527, 0.8606358766555786, 0.8087791204452515, 0.7689851522445679, 0.8818149566650391, 1.0067667961120605, 0.8187634944915771, 0.7193440794944763, 0.870145320892334, 0.7198181748390198, 0.8890758752822876], [0.8897116184234619, 0.797539234161377, 0.8190597295761108, 0.8398469090461731, 0.7464483976364136, 0.8292018175125122, 0.7426998019218445, 0.7926660776138306, 0.8362770080566406, 0.8187634944915771, 0.9946898221969604, 0.8159528970718384, 0.8017611503601074, 0.7572276592254639, 0.8102878332138062], [0.7681548595428467, 0.7123110890388489, 0.7773653864860535, 0.7394031286239624, 0.774103045463562, 0.7681944370269775, 0.7260772585868835, 0.8695782423019409, 0.736838698387146, 0.7193440794944763, 0.8159528970718384, 1.00154709815979, 0.7508243322372437, 0.8420114517211914, 0.7239352464675903], [0.8267027139663696, 0.8307583928108215, 0.8419857621192932, 0.8845175504684448, 0.7283955216407776, 0.8396553993225098, 0.792765200138092, 0.7708767652511597, 0.8623252511024475, 0.870145320892334, 0.8017611503601074, 0.7508243322372437, 0.998045802116394, 0.7483708262443542, 0.8732563257217407], [0.7942681312561035, 0.7105768918991089, 0.8206539154052734, 0.7480071783065796, 0.8427807688713074, 0.8170710206031799, 0.7731789350509644, 0.9242076277732849, 0.7681252956390381, 0.7198181748390198, 0.7572276592254639, 0.8420114517211914, 0.7483708262443542, 1.001844882965088, 0.7699030637741089], [0.8270807266235352, 0.8375130891799927, 0.8369535803794861, 0.8840885758399963, 0.7401378154754639, 0.8616968393325806, 0.7942366600036621, 0.801597535610199, 0.8705955743789673, 0.8890758752822876, 0.8102878332138062, 0.7239352464675903, 0.8732563257217407, 0.7699030637741089, 0.9949297904968262]]}
{"idx": 3, "question": "Write a haiku about a whale and a walnut tree.", "score": [[1.004809021949768, 0.8617749810218811, 0.8532372713088989, 0.8557852506637573, 0.8148953318595886, 0.8575356602668762, 0.8391362428665161, 0.8600733280181885, 0.6942684650421143, 0.7365989685058594, 0.8592245578765869, 0.7550258040428162, 0.7684005498886108, 0.8555504083633423, 0.8168241381645203], [0.8617749810218811, 1.0068511962890625, 0.8412506580352783, 0.9227705001831055, 0.9143579006195068, 0.9095594882965088, 0.9343949556350708, 0.914002537727356, 0.759074330329895, 0.7589949369430542, 0.9139069318771362, 0.7872620820999146, 0.8795905113220215, 0.8829137086868286, 0.895541787147522], [0.8532372713088989, 0.8412506580352783, 0.9980429410934448, 0.784423828125, 0.8416591882705688, 0.9450678825378418, 0.8501324653625488, 0.9072603583335876, 0.7345747947692871, 0.8064389824867249, 0.8992574214935303, 0.8542062640190125, 0.7899329662322998, 0.883799135684967, 0.8245055675506592], [0.8557852506637573, 0.9227705001831055, 0.784423828125, 0.9973899126052856, 0.8806546330451965, 0.840437650680542, 0.8600565195083618, 0.8708064556121826, 0.730495035648346, 0.748259425163269, 0.8638532161712646, 0.7235870361328125, 0.8157191276550293, 0.8184501528739929, 0.8532758355140686], [0.8148953318595886, 0.9143579006195068, 0.8416591882705688, 0.8806546330451965, 0.9996662735939026, 0.8700504302978516, 0.8938018083572388, 0.9045689702033997, 0.806617021560669, 0.7287353277206421, 0.9011944532394409, 0.7609527111053467, 0.86565101146698, 0.853927493095398, 0.8885776996612549], [0.8575356602668762, 0.9095594882965088, 0.9450678825378418, 0.840437650680542, 0.8700504302978516, 1.0077309608459473, 0.8941169381141663, 0.9272706508636475, 0.7487214803695679, 0.8206427097320557, 0.9096413254737854, 0.8702189326286316, 0.8335574269294739, 0.9185082316398621, 0.847231388092041], [0.8391362428665161, 0.9343949556350708, 0.8501324653625488, 0.8600565195083618, 0.8938018083572388, 0.8941169381141663, 1.0057743787765503, 0.9080021381378174, 0.7918552160263062, 0.7506287097930908, 0.8981156349182129, 0.7953008413314819, 0.8945478200912476, 0.8747361302375793, 0.8845540881156921], [0.8600733280181885, 0.914002537727356, 0.9072603583335876, 0.8708064556121826, 0.9045689702033997, 0.9272706508636475, 0.9080021381378174, 0.9974278211593628, 0.7681868672370911, 0.7659720182418823, 0.9430886507034302, 0.8236532211303711, 0.8456251621246338, 0.8807316422462463, 0.8871330618858337], [0.6942684650421143, 0.759074330329895, 0.7345747947692871, 0.730495035648346, 0.806617021560669, 0.7487214803695679, 0.7918552160263062, 0.7681868672370911, 0.9951332211494446, 0.6914886236190796, 0.7300437092781067, 0.6645183563232422, 0.6913380026817322, 0.7049115300178528, 0.7340538501739502], [0.7365989685058594, 0.7589949369430542, 0.8064389824867249, 0.748259425163269, 0.7287353277206421, 0.8206427097320557, 0.7506287097930908, 0.7659720182418823, 0.6914886236190796, 0.9974550008773804, 0.7779955863952637, 0.7216022610664368, 0.675993800163269, 0.7702949047088623, 0.7154250144958496], [0.8592245578765869, 0.9139069318771362, 0.8992574214935303, 0.8638532161712646, 0.9011944532394409, 0.9096413254737854, 0.8981156349182129, 0.9430886507034302, 0.7300437092781067, 0.7779955863952637, 1.0025228261947632, 0.8125081658363342, 0.8418291807174683, 0.8655087947845459, 0.9033170938491821], [0.7550258040428162, 0.7872620820999146, 0.8542062640190125, 0.7235870361328125, 0.7609527111053467, 0.8702189326286316, 0.7953008413314819, 0.8236532211303711, 0.6645183563232422, 0.7216022610664368, 0.8125081658363342, 1.0015398263931274, 0.8115823268890381, 0.8337825536727905, 0.7329710721969604], [0.7684005498886108, 0.8795905113220215, 0.7899329662322998, 0.8157191276550293, 0.86565101146698, 0.8335574269294739, 0.8945478200912476, 0.8456251621246338, 0.6913380026817322, 0.675993800163269, 0.8418291807174683, 0.8115823268890381, 1.0060802698135376, 0.8302168250083923, 0.8305639028549194], [0.8555504083633423, 0.8829137086868286, 0.883799135684967, 0.8184501528739929, 0.853927493095398, 0.9185082316398621, 0.8747361302375793, 0.8807316422462463, 0.7049115300178528, 0.7702949047088623, 0.8655087947845459, 0.8337825536727905, 0.8302168250083923, 0.9944181442260742, 0.8098787069320679], [0.8168241381645203, 0.895541787147522, 0.8245055675506592, 0.8532758355140686, 0.8885776996612549, 0.847231388092041, 0.8845540881156921, 0.8871330618858337, 0.7340538501739502, 0.7154250144958496, 0.9033170938491821, 0.7329710721969604, 0.8305639028549194, 0.8098787069320679, 1.0051463842391968]]}
{"idx": 4, "question": "Write a short love poem with 4 lines.", "score": [[0.9986200332641602, 0.8558136224746704, 0.8475515246391296, 0.7760154008865356, 0.8148073554039001, 0.798141598701477, 0.7957642674446106, 0.8051753640174866, 0.7597185373306274, 0.7002946734428406, 0.6502514481544495, 0.8446849584579468, 0.8237944841384888, 0.579318642616272, 0.853959858417511], [0.8558136224746704, 0.9941078424453735, 0.8863052725791931, 0.7891454100608826, 0.8198704719543457, 0.8203125, 0.7849315404891968, 0.7972620725631714, 0.7513771057128906, 0.7429120540618896, 0.5604169368743896, 0.8200215101242065, 0.8326595425605774, 0.5462963581085205, 0.8766356110572815], [0.8475515246391296, 0.8863052725791931, 0.9943195581436157, 0.7772698402404785, 0.7928715944290161, 0.7608091831207275, 0.7527076601982117, 0.8052656054496765, 0.7686606049537659, 0.6997547149658203, 0.5342844724655151, 0.811427652835846, 0.7855742573738098, 0.5391493439674377, 0.886559009552002], [0.7760154008865356, 0.7891454100608826, 0.7772698402404785, 1.0066232681274414, 0.740702748298645, 0.7609264850616455, 0.7429142594337463, 0.7596198320388794, 0.7610896825790405, 0.6665383577346802, 0.5658653378486633, 0.7393382787704468, 0.72435063123703, 0.5561022758483887, 0.8096972703933716], [0.8148073554039001, 0.8198704719543457, 0.7928715944290161, 0.740702748298645, 1.0057952404022217, 0.7924919128417969, 0.791454553604126, 0.8164336681365967, 0.6726295351982117, 0.7010170221328735, 0.5601233243942261, 0.8017154335975647, 0.8834437131881714, 0.5617083311080933, 0.8399789333343506], [0.798141598701477, 0.8203125, 0.7608091831207275, 0.7609264850616455, 0.7924919128417969, 0.9955717325210571, 0.8006460666656494, 0.7793106436729431, 0.6854506134986877, 0.6782938838005066, 0.5754513740539551, 0.8033682107925415, 0.809038519859314, 0.5296754837036133, 0.8088583946228027], [0.7957642674446106, 0.7849315404891968, 0.7527076601982117, 0.7429142594337463, 0.791454553604126, 0.8006460666656494, 1.0045006275177002, 0.8728691339492798, 0.7172980308532715, 0.6285519599914551, 0.585192084312439, 0.8130602836608887, 0.8137468099594116, 0.5418111085891724, 0.8437957763671875], [0.8051753640174866, 0.7972620725631714, 0.8052656054496765, 0.7596198320388794, 0.8164336681365967, 0.7793106436729431, 0.8728691339492798, 1.005378007888794, 0.7243257761001587, 0.6348071694374084, 0.5574393272399902, 0.8610884547233582, 0.8237608671188354, 0.51419597864151, 0.8742657899856567], [0.7597185373306274, 0.7513771057128906, 0.7686606049537659, 0.7610896825790405, 0.6726295351982117, 0.6854506134986877, 0.7172980308532715, 0.7243257761001587, 0.9965090751647949, 0.6228055953979492, 0.5357516407966614, 0.7139605283737183, 0.713975191116333, 0.5088211297988892, 0.7663040161132812], [0.7002946734428406, 0.7429120540618896, 0.6997547149658203, 0.6665383577346802, 0.7010170221328735, 0.6782938838005066, 0.6285519599914551, 0.6348071694374084, 0.6228055953979492, 1.0031914710998535, 0.6044551134109497, 0.6953157782554626, 0.6916426420211792, 0.5751289129257202, 0.6920796632766724], [0.6502514481544495, 0.5604169368743896, 0.5342844724655151, 0.5658653378486633, 0.5601233243942261, 0.5754513740539551, 0.585192084312439, 0.5574393272399902, 0.5357516407966614, 0.6044551134109497, 0.9981921911239624, 0.5939717292785645, 0.5672240257263184, 0.5414226055145264, 0.574897289276123], [0.8446849584579468, 0.8200215101242065, 0.811427652835846, 0.7393382787704468, 0.8017154335975647, 0.8033682107925415, 0.8130602836608887, 0.8610884547233582, 0.7139605283737183, 0.6953157782554626, 0.5939717292785645, 0.9991449117660522, 0.8294281959533691, 0.5519975423812866, 0.8637983202934265], [0.8237944841384888, 0.8326595425605774, 0.7855742573738098, 0.72435063123703, 0.8834437131881714, 0.809038519859314, 0.8137468099594116, 0.8237608671188354, 0.713975191116333, 0.6916426420211792, 0.5672240257263184, 0.8294281959533691, 1.0032576322555542, 0.574794352054596, 0.85759437084198], [0.579318642616272, 0.5462963581085205, 0.5391493439674377, 0.5561022758483887, 0.5617083311080933, 0.5296754837036133, 0.5418111085891724, 0.51419597864151, 0.5088211297988892, 0.5751289129257202, 0.5414226055145264, 0.5519975423812866, 0.574794352054596, 0.9968920946121216, 0.5731514692306519], [0.853959858417511, 0.8766356110572815, 0.886559009552002, 0.8096972703933716, 0.8399789333343506, 0.8088583946228027, 0.8437957763671875, 0.8742657899856567, 0.7663040161132812, 0.6920796632766724, 0.574897289276123, 0.8637983202934265, 0.85759437084198, 0.5731514692306519, 0.9950411915779114]]}
{"idx": 5, "question": "Write a short poem of hatred with 4 lines.", "score": [[0.9930422306060791, 0.805023729801178, 0.7026549577713013, 0.5522509217262268, 0.7436445355415344, 0.6766793131828308, 0.5595030784606934, 0.8165494203567505, 0.5829107165336609, 0.7018332481384277, 0.44824743270874023, 0.6495699882507324, 0.6296392679214478, 0.6229503154754639, 0.7028687000274658], [0.805023729801178, 1.0022026300430298, 0.7065858840942383, 0.6710463762283325, 0.7665377855300903, 0.6593770384788513, 0.6215356588363647, 0.8063284158706665, 0.6461004018783569, 0.778005838394165, 0.4446151852607727, 0.6069460511207581, 0.6182313561439514, 0.6431487202644348, 0.6958200335502625], [0.7026549577713013, 0.7065858840942383, 0.9961014986038208, 0.6147196292877197, 0.7647848129272461, 0.6816137433052063, 0.5731995105743408, 0.7530653476715088, 0.663783848285675, 0.7078341245651245, 0.32926005125045776, 0.5370337963104248, 0.5820472836494446, 0.5949466824531555, 0.6226701140403748], [0.5522509217262268, 0.6710463762283325, 0.6147196292877197, 1.0026988983154297, 0.626736044883728, 0.5283281803131104, 0.7122048139572144, 0.557896077632904, 0.5225823521614075, 0.5861103534698486, 0.3544256091117859, 0.5906623005867004, 0.5431326627731323, 0.7047619819641113, 0.7041301131248474], [0.7436445355415344, 0.7665377855300903, 0.7647848129272461, 0.626736044883728, 1.0052818059921265, 0.6716092824935913, 0.6401771903038025, 0.7322300672531128, 0.6513760089874268, 0.770290732383728, 0.444742888212204, 0.6491342186927795, 0.6345605850219727, 0.6633479595184326, 0.7082768678665161], [0.6766793131828308, 0.6593770384788513, 0.6816137433052063, 0.5283281803131104, 0.6716092824935913, 0.9957476258277893, 0.5399622917175293, 0.7400281429290771, 0.5136539936065674, 0.6278375387191772, 0.40364566445350647, 0.5835957527160645, 0.6259729862213135, 0.6160192489624023, 0.6771862506866455], [0.5595030784606934, 0.6215356588363647, 0.5731995105743408, 0.7122048139572144, 0.6401771903038025, 0.5399622917175293, 0.9964439272880554, 0.5493121147155762, 0.5194106101989746, 0.5994374752044678, 0.4318695366382599, 0.6838498115539551, 0.6016882061958313, 0.6921448111534119, 0.7122395038604736], [0.8165494203567505, 0.8063284158706665, 0.7530653476715088, 0.557896077632904, 0.7322300672531128, 0.7400281429290771, 0.5493121147155762, 0.9989528656005859, 0.6586363315582275, 0.7004415988922119, 0.4219055473804474, 0.6077651977539062, 0.6208818554878235, 0.6309213638305664, 0.693776547908783], [0.5829107165336609, 0.6461004018783569, 0.663783848285675, 0.5225823521614075, 0.6513760089874268, 0.5136539936065674, 0.5194106101989746, 0.6586363315582275, 0.9985712170600891, 0.6639437079429626, 0.3042362332344055, 0.4357456564903259, 0.4304307699203491, 0.5044560432434082, 0.4884929656982422], [0.7018332481384277, 0.778005838394165, 0.7078341245651245, 0.5861103534698486, 0.770290732383728, 0.6278375387191772, 0.5994374752044678, 0.7004415988922119, 0.6639437079429626, 0.9990320205688477, 0.35793012380599976, 0.5205022096633911, 0.5066652297973633, 0.580507755279541, 0.5723539590835571], [0.44824743270874023, 0.4446151852607727, 0.32926005125045776, 0.3544256091117859, 0.444742888212204, 0.40364566445350647, 0.4318695366382599, 0.4219055473804474, 0.3042362332344055, 0.35793012380599976, 1.0019869804382324, 0.6510323882102966, 0.4787951111793518, 0.45343708992004395, 0.5456463098526001], [0.6495699882507324, 0.6069460511207581, 0.5370337963104248, 0.5906623005867004, 0.6491342186927795, 0.5835957527160645, 0.6838498115539551, 0.6077651977539062, 0.4357456564903259, 0.5205022096633911, 0.6510323882102966, 1.0028409957885742, 0.7435439825057983, 0.7487689256668091, 0.8487758636474609], [0.6296392679214478, 0.6182313561439514, 0.5820472836494446, 0.5431326627731323, 0.6345605850219727, 0.6259729862213135, 0.6016882061958313, 0.6208818554878235, 0.4304307699203491, 0.5066652297973633, 0.4787951111793518, 0.7435439825057983, 0.9980820417404175, 0.7132933735847473, 0.7724955677986145], [0.6229503154754639, 0.6431487202644348, 0.5949466824531555, 0.7047619819641113, 0.6633479595184326, 0.6160192489624023, 0.6921448111534119, 0.6309213638305664, 0.5044560432434082, 0.580507755279541, 0.45343708992004395, 0.7487689256668091, 0.7132933735847473, 0.9964193105697632, 0.7987730503082275], [0.7028687000274658, 0.6958200335502625, 0.6226701140403748, 0.7041301131248474, 0.7082768678665161, 0.6771862506866455, 0.7122395038604736, 0.693776547908783, 0.4884929656982422, 0.5723539590835571, 0.5456463098526001, 0.8487758636474609, 0.7724955677986145, 0.7987730503082275, 1.0077130794525146]]}
{"idx": 6, "question": "Write a short fable about a lemur and a light bulb.", "score": [[1.0061640739440918, 0.8680716753005981, 0.7431029081344604, 0.8614646196365356, 0.879551351070404, 0.8371917009353638, 0.818657398223877, 0.8210451006889343, 0.7789533734321594, 0.8519368171691895, 0.7738895416259766, 0.8495603799819946, 0.8379154205322266, 0.8249845504760742, 0.925051748752594], [0.8680716753005981, 0.995647668838501, 0.7662738561630249, 0.8630648255348206, 0.8781903982162476, 0.8246280550956726, 0.8250186443328857, 0.8161527514457703, 0.8244258165359497, 0.8319804072380066, 0.7532253265380859, 0.8686484098434448, 0.8282479643821716, 0.768610954284668, 0.9144344329833984], [0.7431029081344604, 0.7662738561630249, 0.9955407381057739, 0.7644419074058533, 0.7537970542907715, 0.8242136240005493, 0.7925331592559814, 0.7520647048950195, 0.8223322629928589, 0.7810189723968506, 0.6918818354606628, 0.7535206079483032, 0.7410396337509155, 0.7685338854789734, 0.7685534954071045], [0.8614646196365356, 0.8630648255348206, 0.7644419074058533, 1.0036861896514893, 0.9511243104934692, 0.8536894917488098, 0.8448060750961304, 0.8216598033905029, 0.8066730499267578, 0.8385834693908691, 0.7435526847839355, 0.8083239793777466, 0.7835210561752319, 0.7389631271362305, 0.9071913957595825], [0.879551351070404, 0.8781903982162476, 0.7537970542907715, 0.9511243104934692, 1.0042363405227661, 0.8527967929840088, 0.8350186347961426, 0.7989895343780518, 0.795133113861084, 0.8113640546798706, 0.7367067337036133, 0.7953231334686279, 0.7874165773391724, 0.7512350082397461, 0.9346598386764526], [0.8371917009353638, 0.8246280550956726, 0.8242136240005493, 0.8536894917488098, 0.8527967929840088, 0.9956156611442566, 0.9197355508804321, 0.857606053352356, 0.8678618669509888, 0.889189600944519, 0.8001823425292969, 0.8356218338012695, 0.8193514347076416, 0.7531623244285583, 0.8467293977737427], [0.818657398223877, 0.8250186443328857, 0.7925331592559814, 0.8448060750961304, 0.8350186347961426, 0.9197355508804321, 0.9931069016456604, 0.8416314721107483, 0.8600582480430603, 0.8538895845413208, 0.7820278406143188, 0.852362334728241, 0.7952012419700623, 0.7486588358879089, 0.8446750640869141], [0.8210451006889343, 0.8161527514457703, 0.7520647048950195, 0.8216598033905029, 0.7989895343780518, 0.857606053352356, 0.8416314721107483, 1.0080422163009644, 0.8304229974746704, 0.9144659042358398, 0.7657851576805115, 0.8837066888809204, 0.8451550006866455, 0.7193318605422974, 0.8428597450256348], [0.7789533734321594, 0.8244258165359497, 0.8223322629928589, 0.8066730499267578, 0.795133113861084, 0.8678618669509888, 0.8600582480430603, 0.8304229974746704, 0.9971641898155212, 0.8386963605880737, 0.8373226523399353, 0.820659339427948, 0.8904060125350952, 0.7909943461418152, 0.8255765438079834], [0.8519368171691895, 0.8319804072380066, 0.7810189723968506, 0.8385834693908691, 0.8113640546798706, 0.889189600944519, 0.8538895845413208, 0.9144659042358398, 0.8386963605880737, 0.9932068586349487, 0.8130250573158264, 0.894402801990509, 0.8575106859207153, 0.7434700727462769, 0.8480497598648071], [0.7738895416259766, 0.7532253265380859, 0.6918818354606628, 0.7435526847839355, 0.7367067337036133, 0.8001823425292969, 0.7820278406143188, 0.7657851576805115, 0.8373226523399353, 0.8130250573158264, 0.9986366033554077, 0.8145884871482849, 0.9006033539772034, 0.7568592429161072, 0.7643046379089355], [0.8495603799819946, 0.8686484098434448, 0.7535206079483032, 0.8083239793777466, 0.7953231334686279, 0.8356218338012695, 0.852362334728241, 0.8837066888809204, 0.820659339427948, 0.894402801990509, 0.8145884871482849, 1.0023207664489746, 0.8545817136764526, 0.7660086154937744, 0.8633078932762146], [0.8379154205322266, 0.8282479643821716, 0.7410396337509155, 0.7835210561752319, 0.7874165773391724, 0.8193514347076416, 0.7952012419700623, 0.8451550006866455, 0.8904060125350952, 0.8575106859207153, 0.9006033539772034, 0.8545817136764526, 1.0072146654129028, 0.8206002116203308, 0.8385488986968994], [0.8249845504760742, 0.768610954284668, 0.7685338854789734, 0.7389631271362305, 0.7512350082397461, 0.7531623244285583, 0.7486588358879089, 0.7193318605422974, 0.7909943461418152, 0.7434700727462769, 0.7568592429161072, 0.7660086154937744, 0.8206002116203308, 0.999147891998291, 0.8022259473800659], [0.925051748752594, 0.9144344329833984, 0.7685534954071045, 0.9071913957595825, 0.9346598386764526, 0.8467293977737427, 0.8446750640869141, 0.8428597450256348, 0.8255765438079834, 0.8480497598648071, 0.7643046379089355, 0.8633078932762146, 0.8385488986968994, 0.8022259473800659, 1.0058026313781738]]}
{"idx": 7, "question": "Your task is to write a short biography for a made-up historic figure. Your bio should include their birth and death date their profession and their greatest contribution.", "score": [[1.0075855255126953, 0.35697218775749207, 0.4377304017543793, 0.3208794593811035, 0.3345644474029541, 0.3834092617034912, 0.3114078640937805, 0.2942963242530823, 0.3958481550216675, 0.429276704788208, 0.35916128754615784, 0.39860105514526367, 0.26347047090530396, 0.3531208038330078, 0.40147632360458374], [0.35697218775749207, 0.9961710572242737, 0.43643391132354736, 0.5369619131088257, 0.4048963785171509, 0.4391442537307739, 0.31791576743125916, 0.41091054677963257, 0.30036312341690063, 0.35615766048431396, 0.3257094919681549, 0.43370145559310913, 0.3279131352901459, 0.594096839427948, 0.48750239610671997], [0.4377304017543793, 0.43643391132354736, 1.0033347606658936, 0.39607083797454834, 0.3782302141189575, 0.39493322372436523, 0.3740636110305786, 0.37257611751556396, 0.4339568018913269, 0.45267152786254883, 0.3801285922527313, 0.3340066075325012, 0.3262769281864166, 0.445450097322464, 0.5211247801780701], [0.3208794593811035, 0.5369619131088257, 0.39607083797454834, 0.9991538524627686, 0.41490405797958374, 0.3846069574356079, 0.3333909809589386, 0.3542333245277405, 0.2752729058265686, 0.33481913805007935, 0.31892362236976624, 0.5512971878051758, 0.46511220932006836, 0.5727002620697021, 0.5152105093002319], [0.3345644474029541, 0.4048963785171509, 0.3782302141189575, 0.41490405797958374, 0.9972372651100159, 0.6521307826042175, 0.6695799827575684, 0.3620418310165405, 0.6018116474151611, 0.6473192572593689, 0.6477084159851074, 0.6301137208938599, 0.5041406750679016, 0.4427908658981323, 0.5400611162185669], [0.3834092617034912, 0.4391442537307739, 0.39493322372436523, 0.3846069574356079, 0.6521307826042175, 0.9966679811477661, 0.5433374643325806, 0.36977529525756836, 0.5135115385055542, 0.5543407201766968, 0.5543574094772339, 0.5372116565704346, 0.4197099208831787, 0.41536855697631836, 0.5666936635971069], [0.3114078640937805, 0.31791576743125916, 0.3740636110305786, 0.3333909809589386, 0.6695799827575684, 0.5433374643325806, 0.9986981153488159, 0.30767855048179626, 0.6338245868682861, 0.6607835292816162, 0.6150548458099365, 0.4325193166732788, 0.46286553144454956, 0.32667961716651917, 0.48513686656951904], [0.2942963242530823, 0.41091054677963257, 0.37257611751556396, 0.3542333245277405, 0.3620418310165405, 0.36977529525756836, 0.30767855048179626, 1.0046522617340088, 0.26941192150115967, 0.36201173067092896, 0.3215699791908264, 0.3677283823490143, 0.3261113464832306, 0.47405561804771423, 0.3447023630142212], [0.3958481550216675, 0.30036312341690063, 0.4339568018913269, 0.2752729058265686, 0.6018116474151611, 0.5135115385055542, 0.6338245868682861, 0.26941192150115967, 1.0053644180297852, 0.715375542640686, 0.6160342693328857, 0.36318743228912354, 0.3225325345993042, 0.25870656967163086, 0.5153273344039917], [0.429276704788208, 0.35615766048431396, 0.45267152786254883, 0.33481913805007935, 0.6473192572593689, 0.5543407201766968, 0.6607835292816162, 0.36201173067092896, 0.715375542640686, 0.9962350130081177, 0.6057379841804504, 0.454978346824646, 0.4211464524269104, 0.33808115124702454, 0.5680298209190369], [0.35916128754615784, 0.3257094919681549, 0.3801285922527313, 0.31892362236976624, 0.6477084159851074, 0.5543574094772339, 0.6150548458099365, 0.3215699791908264, 0.6160342693328857, 0.6057379841804504, 1.003758192062378, 0.47576767206192017, 0.5326856374740601, 0.3299834430217743, 0.44897085428237915], [0.39860105514526367, 0.43370145559310913, 0.3340066075325012, 0.5512971878051758, 0.6301137208938599, 0.5372116565704346, 0.4325193166732788, 0.3677283823490143, 0.36318743228912354, 0.454978346824646, 0.47576767206192017, 1.0014808177947998, 0.5306057929992676, 0.4900686740875244, 0.5456668138504028], [0.26347047090530396, 0.3279131352901459, 0.3262769281864166, 0.46511220932006836, 0.5041406750679016, 0.4197099208831787, 0.46286553144454956, 0.3261113464832306, 0.3225325345993042, 0.4211464524269104, 0.5326856374740601, 0.5306057929992676, 0.9957904815673828, 0.3607296645641327, 0.5078109502792358], [0.3531208038330078, 0.594096839427948, 0.445450097322464, 0.5727002620697021, 0.4427908658981323, 0.41536855697631836, 0.32667961716651917, 0.47405561804771423, 0.25870656967163086, 0.33808115124702454, 0.3299834430217743, 0.4900686740875244, 0.3607296645641327, 1.0044732093811035, 0.4628121554851532], [0.40147632360458374, 0.48750239610671997, 0.5211247801780701, 0.5152105093002319, 0.5400611162185669, 0.5666936635971069, 0.48513686656951904, 0.3447023630142212, 0.5153273344039917, 0.5680298209190369, 0.44897085428237915, 0.5456668138504028, 0.5078109502792358, 0.4628121554851532, 1.0026320219039917]]}
