{"idx": 0, "question": "Tell me a story in five sentences about a girl and her dog.", "score": [[0.9957394599914551, 0.8531427383422852, 0.9252113699913025, 0.9235135316848755, 0.9145997166633606, 0.8717186450958252, 0.97076416015625, 0.8383013606071472, 0.8541247844696045, 0.8258856534957886, 0.954319953918457, 0.8564102053642273, 0.9344826936721802, 0.770179271697998, 0.7732205986976624, 0.8719133138656616, 0.9180986881256104, 0.7316100001335144, 0.857079029083252, 0.8144397735595703], [0.8531427383422852, 0.9943505525588989, 0.8991235494613647, 0.833432137966156, 0.8683909177780151, 0.9399986267089844, 0.8678109645843506, 0.8874856233596802, 0.9288201332092285, 0.8037035465240479, 0.8532432317733765, 0.842167854309082, 0.8380404114723206, 0.8361220955848694, 0.7968688011169434, 0.8717289566993713, 0.8910762667655945, 0.7615004181861877, 0.9038073420524597, 0.876197874546051], [0.9252113699913025, 0.8991235494613647, 0.9999960660934448, 0.911548376083374, 0.929742693901062, 0.8909882307052612, 0.9306407570838928, 0.854904055595398, 0.8721091747283936, 0.7968141436576843, 0.9479914307594299, 0.8795404434204102, 0.9202662110328674, 0.7755380272865295, 0.800696074962616, 0.8856984376907349, 0.9313357472419739, 0.7789174318313599, 0.8579091429710388, 0.853121817111969], [0.9235134720802307, 0.833432137966156, 0.911548376083374, 0.9953328371047974, 0.9036672115325928, 0.8555634021759033, 0.9423865079879761, 0.8291619420051575, 0.8455324769020081, 0.7764500379562378, 0.9386398792266846, 0.8153392672538757, 0.9232987761497498, 0.7615405917167664, 0.7639443874359131, 0.8395254611968994, 0.8816697001457214, 0.7345178127288818, 0.8531748056411743, 0.8222910165786743], [0.9145997166633606, 0.8683907985687256, 0.929742693901062, 0.903667151927948, 1.0010355710983276, 0.8683183193206787, 0.9287391901016235, 0.8487676978111267, 0.8854986429214478, 0.8182842135429382, 0.9165828824043274, 0.8843399882316589, 0.9140505194664001, 0.7870427370071411, 0.8433406949043274, 0.8975878953933716, 0.9389165639877319, 0.8204840421676636, 0.8612928986549377, 0.809809684753418], [0.8717186450958252, 0.9399986267089844, 0.8909882307052612, 0.8555634021759033, 0.8683183193206787, 0.9983597993850708, 0.8797863125801086, 0.8978531956672668, 0.9172844886779785, 0.8067507743835449, 0.8574764132499695, 0.8405963182449341, 0.8453959822654724, 0.8569698929786682, 0.7811374664306641, 0.8695219159126282, 0.895767867565155, 0.7540249824523926, 0.9371815323829651, 0.8748154640197754], [0.97076416015625, 0.8678109645843506, 0.9306407570838928, 0.9423864483833313, 0.9287391901016235, 0.8797863125801086, 0.999711811542511, 0.8359518051147461, 0.868329644203186, 0.8460178375244141, 0.9632851481437683, 0.8705056309700012, 0.9529421329498291, 0.791190505027771, 0.7974904179573059, 0.8855084180831909, 0.9223121404647827, 0.7458042502403259, 0.8599745035171509, 0.8245756030082703], [0.8383013606071472, 0.8874856233596802, 0.854904055595398, 0.8291619420051575, 0.8487675786018372, 0.8978531956672668, 0.8359518051147461, 0.9937647581100464, 0.9037465453147888, 0.8294104933738708, 0.8270180225372314, 0.855892539024353, 0.8293943405151367, 0.8255588412284851, 0.839111328125, 0.8488986492156982, 0.8515352010726929, 0.8108632564544678, 0.8948683738708496, 0.8934361934661865], [0.8541247844696045, 0.9288201332092285, 0.8721091747283936, 0.8455324769020081, 0.8854986429214478, 0.9172844886779785, 0.868329644203186, 0.9037465453147888, 0.9946887493133545, 0.8215335011482239, 0.8654108643531799, 0.8149357438087463, 0.8208025097846985, 0.8413817286491394, 0.817669689655304, 0.8286058902740479, 0.9202414155006409, 0.7759720683097839, 0.9117524027824402, 0.8658403754234314], [0.8258856534957886, 0.8037035465240479, 0.7968141436576843, 0.7764500379562378, 0.8182842135429382, 0.8067507743835449, 0.8460178375244141, 0.8294104933738708, 0.8215335011482239, 1.0077513456344604, 0.7940165400505066, 0.8739418983459473, 0.8195384740829468, 0.846725344657898, 0.8791736960411072, 0.8564051985740662, 0.8253569602966309, 0.8236452341079712, 0.8435585498809814, 0.7996344566345215], [0.954319953918457, 0.8532432317733765, 0.9479914307594299, 0.9386399388313293, 0.9165828824043274, 0.8574764132499695, 0.9632851481437683, 0.8270180225372314, 0.8654108643531799, 0.7940165400505066, 1.0031720399856567, 0.8482358455657959, 0.9478242993354797, 0.7469899654388428, 0.7567137479782104, 0.8472808599472046, 0.9204209446907043, 0.7230839133262634, 0.8337091207504272, 0.8321651816368103], [0.8564102053642273, 0.842167854309082, 0.8795404434204102, 0.8153392672538757, 0.8843399882316589, 0.8405963182449341, 0.8705056309700012, 0.855892539024353, 0.8149358034133911, 0.8739418983459473, 0.8482358455657959, 0.9995955228805542, 0.8891039490699768, 0.8263002038002014, 0.8605218529701233, 0.9237203598022461, 0.8631101250648499, 0.846668541431427, 0.8395946025848389, 0.8229910135269165], [0.9344826936721802, 0.8380404114723206, 0.9202662110328674, 0.9232988953590393, 0.9140505194664001, 0.8453959822654724, 0.9529421329498291, 0.8293943405151367, 0.8208025097846985, 0.8195385336875916, 0.9478242993354797, 0.889103889465332, 0.9952927231788635, 0.7579441666603088, 0.791894257068634, 0.8852238059043884, 0.8657754063606262, 0.7589787840843201, 0.8282338976860046, 0.8272914886474609], [0.770179271697998, 0.8361220955848694, 0.7755380272865295, 0.7615405917167664, 0.7870427370071411, 0.8569698929786682, 0.7911904454231262, 0.8255588412284851, 0.8413817286491394, 0.846725344657898, 0.7469900250434875, 0.8263002038002014, 0.7579441666603088, 1.003506064414978, 0.786389172077179, 0.7914305329322815, 0.8078732490539551, 0.7695809602737427, 0.8773902058601379, 0.7973475456237793], [0.7732205986976624, 0.7968688011169434, 0.8006960153579712, 0.7639443874359131, 0.8433406949043274, 0.7811374664306641, 0.7974904179573059, 0.839111328125, 0.817669689655304, 0.8791736960411072, 0.7567137479782104, 0.8605217933654785, 0.791894257068634, 0.786389172077179, 1.0053048133850098, 0.8649419546127319, 0.8144648671150208, 0.9315243363380432, 0.7989554405212402, 0.7690926790237427], [0.8719133138656616, 0.8717289566993713, 0.8856984376907349, 0.8395254611968994, 0.8975878953933716, 0.8695219159126282, 0.8855084180831909, 0.8488986492156982, 0.8286058902740479, 0.8564051985740662, 0.8472808599472046, 0.9237203598022461, 0.8852238059043884, 0.7914305329322815, 0.8649420142173767, 1.0012881755828857, 0.8731601238250732, 0.8200302124023438, 0.8522565364837646, 0.8178719282150269], [0.9180986881256104, 0.8910762667655945, 0.9313357472419739, 0.8816697001457214, 0.9389165639877319, 0.895767867565155, 0.9223121404647827, 0.8515352010726929, 0.9202414155006409, 0.8253569602966309, 0.9204209446907043, 0.8631101250648499, 0.8657754063606262, 0.8078732490539551, 0.8144648671150208, 0.8731601238250732, 1.0067793130874634, 0.7840028405189514, 0.8875112533569336, 0.8300177454948425], [0.7316100597381592, 0.7615004181861877, 0.7789174318313599, 0.7345178127288818, 0.8204840421676636, 0.7540249824523926, 0.7458042502403259, 0.8108632564544678, 0.7759720683097839, 0.823645293712616, 0.7230839133262634, 0.846668541431427, 0.7589787840843201, 0.7695809602737427, 0.9315243363380432, 0.8200302124023438, 0.7840028405189514, 1.0013599395751953, 0.7659399509429932, 0.7304741740226746], [0.857079029083252, 0.9038073420524597, 0.8579091429710388, 0.8531748056411743, 0.8612928986549377, 0.9371815323829651, 0.8599745035171509, 0.8948683738708496, 0.9117524027824402, 0.8435585498809814, 0.833709180355072, 0.8395946025848389, 0.8282338976860046, 0.8773902058601379, 0.7989553809165955, 0.8522565364837646, 0.8875112533569336, 0.7659399509429932, 1.0028380155563354, 0.9111456871032715], [0.8144397735595703, 0.8761978149414062, 0.853121817111969, 0.8222910165786743, 0.809809684753418, 0.8748154640197754, 0.8245755434036255, 0.8934361934661865, 0.8658403158187866, 0.7996344566345215, 0.8321651220321655, 0.8229910135269165, 0.8272914886474609, 0.7973475456237793, 0.7690926790237427, 0.8178719282150269, 0.8300177454948425, 0.7304741740226746, 0.9111456871032715, 0.9960771799087524]]}
{"idx": 1, "question": "Tell me a story in five sentences about a boy and his dog.", "score": [[1.0058027505874634, 0.8734174370765686, 0.8997180461883545, 0.8686568140983582, 0.9153957962989807, 0.8879528045654297, 0.8047174215316772, 0.8720403909683228, 0.7768436670303345, 0.9454416036605835, 0.9029393196105957, 0.8852143287658691, 0.8480121493339539, 0.7931604385375977, 0.9180048108100891, 0.8627446889877319, 0.8590279817581177, 0.8738504648208618, 0.6819466352462769, 0.7315865159034729], [0.8734174370765686, 1.0043786764144897, 0.843724250793457, 0.8973347544670105, 0.8598138093948364, 0.8469764590263367, 0.7943544983863831, 0.8520727753639221, 0.8685293197631836, 0.8598014116287231, 0.8798507452011108, 0.8835133910179138, 0.8078815937042236, 0.8071634769439697, 0.8492644429206848, 0.880124568939209, 0.8603628277778625, 0.8964616656303406, 0.7470275163650513, 0.7546958327293396], [0.8997179865837097, 0.843724250793457, 0.9986619353294373, 0.8558526039123535, 0.8597985506057739, 0.8237472176551819, 0.8031563758850098, 0.8292970657348633, 0.816406786441803, 0.8797831535339355, 0.8737151026725769, 0.8732084631919861, 0.8498857021331787, 0.7550749182701111, 0.8769811391830444, 0.8966631889343262, 0.8866980671882629, 0.9172059893608093, 0.6822605729103088, 0.7648128867149353], [0.8686568140983582, 0.8973347544670105, 0.8558526039123535, 1.0035935640335083, 0.8542375564575195, 0.8509730696678162, 0.8882102966308594, 0.8750953674316406, 0.868648111820221, 0.8473984003067017, 0.8897889256477356, 0.8858886957168579, 0.8132603764533997, 0.8047354817390442, 0.8446338176727295, 0.9149261116981506, 0.8812658190727234, 0.9121922254562378, 0.7925981879234314, 0.8278381824493408], [0.9153957962989807, 0.8598138093948364, 0.8597985506057739, 0.8542375564575195, 1.0003169775009155, 0.7926061153411865, 0.8053746819496155, 0.8548505306243896, 0.7846308946609497, 0.9255198240280151, 0.888439416885376, 0.8373486995697021, 0.8441363573074341, 0.8097679615020752, 0.9289916157722473, 0.8455424308776855, 0.8173656463623047, 0.8636488318443298, 0.7551239728927612, 0.8025140166282654], [0.8879528045654297, 0.8469764590263367, 0.8237472176551819, 0.8509731292724609, 0.7926061153411865, 0.9931200742721558, 0.7821477651596069, 0.8462671041488647, 0.7546429634094238, 0.8452175855636597, 0.8321085572242737, 0.8523821830749512, 0.8023501038551331, 0.7397871017456055, 0.8169663548469543, 0.8506495356559753, 0.8780736327171326, 0.8374751210212708, 0.6579034328460693, 0.686398983001709], [0.8047174215316772, 0.7943544983863831, 0.803156316280365, 0.8882102966308594, 0.8053746819496155, 0.7821477651596069, 0.9987354278564453, 0.8591867685317993, 0.7839346528053284, 0.7736972570419312, 0.8012915849685669, 0.808505654335022, 0.8127123713493347, 0.8087655305862427, 0.775425910949707, 0.835126519203186, 0.7907179594039917, 0.834486186504364, 0.7603914737701416, 0.8183349967002869], [0.8720403909683228, 0.8520727753639221, 0.8292970657348633, 0.8750953674316406, 0.8548505306243896, 0.8462671041488647, 0.8591867685317993, 1.0032243728637695, 0.814673900604248, 0.8263384699821472, 0.7954909205436707, 0.8175590634346008, 0.8795362710952759, 0.8249809145927429, 0.8179265260696411, 0.846504807472229, 0.8395537734031677, 0.8506228923797607, 0.7711376547813416, 0.7939798831939697], [0.7768436670303345, 0.8685293197631836, 0.816406786441803, 0.868648111820221, 0.7846308946609497, 0.7546429634094238, 0.7839346528053284, 0.814673900604248, 1.0017790794372559, 0.8056379556655884, 0.8267541527748108, 0.8102635741233826, 0.778935968875885, 0.7041431665420532, 0.8218103647232056, 0.8892357349395752, 0.8637644648551941, 0.8751678466796875, 0.7826371192932129, 0.7679766416549683], [0.945441722869873, 0.8598014116287231, 0.8797831535339355, 0.8473982810974121, 0.9255198240280151, 0.8452175855636597, 0.7736972570419312, 0.8263384699821472, 0.8056378960609436, 1.002905249595642, 0.9254759550094604, 0.8565363883972168, 0.8080763220787048, 0.7722518444061279, 0.9820776581764221, 0.8688918948173523, 0.8559643030166626, 0.8690078854560852, 0.7245168685913086, 0.7636204361915588], [0.9029393196105957, 0.8798507452011108, 0.8737151026725769, 0.8897889256477356, 0.888439416885376, 0.8321085572242737, 0.8012915849685669, 0.7954909205436707, 0.8267541527748108, 0.9254759550094604, 0.997998833656311, 0.8726491928100586, 0.7844647765159607, 0.7586151957511902, 0.9275013208389282, 0.8886088132858276, 0.8577415347099304, 0.9014151096343994, 0.7564700245857239, 0.8026137351989746], [0.8852143287658691, 0.8835133910179138, 0.8732084631919861, 0.8858886957168579, 0.8373486995697021, 0.8523821830749512, 0.808505654335022, 0.8175590634346008, 0.8102635741233826, 0.8565363883972168, 0.8726491928100586, 1.0067044496536255, 0.8131837844848633, 0.70734041929245, 0.8491156101226807, 0.9155890941619873, 0.8700474500656128, 0.925264835357666, 0.6821312308311462, 0.7303528785705566], [0.8480121493339539, 0.8078815937042236, 0.8498857021331787, 0.8132604360580444, 0.8441363573074341, 0.8023501038551331, 0.8127123713493347, 0.8795362710952759, 0.778935968875885, 0.8080763220787048, 0.7844647765159607, 0.8131837844848633, 1.0064425468444824, 0.8076865673065186, 0.8098078370094299, 0.8258090615272522, 0.8165773153305054, 0.8366120457649231, 0.6665380001068115, 0.7549799084663391], [0.7931604385375977, 0.8071634769439697, 0.7550748586654663, 0.8047354817390442, 0.8097679615020752, 0.7397871017456055, 0.8087655305862427, 0.8249809145927429, 0.7041431665420532, 0.7722518444061279, 0.7586151957511902, 0.70734041929245, 0.8076865673065186, 1.005083680152893, 0.759294867515564, 0.7636609673500061, 0.7491207122802734, 0.7668420076370239, 0.7374318242073059, 0.7715408205986023], [0.9180048108100891, 0.8492644429206848, 0.8769811391830444, 0.8446338176727295, 0.9289916157722473, 0.8169663548469543, 0.775425910949707, 0.8179265260696411, 0.8218103647232056, 0.9820776581764221, 0.9275013208389282, 0.8491156101226807, 0.8098078370094299, 0.759294867515564, 0.9932711124420166, 0.876044511795044, 0.8507363200187683, 0.8707197308540344, 0.7438236474990845, 0.7776627540588379], [0.8627446889877319, 0.880124568939209, 0.8966631889343262, 0.9149261116981506, 0.8455424308776855, 0.8506495356559753, 0.835126519203186, 0.846504807472229, 0.8892357349395752, 0.8688919544219971, 0.8886088132858276, 0.9155890941619873, 0.8258090615272522, 0.7636610269546509, 0.876044511795044, 0.9952389001846313, 0.9384466409683228, 0.9564095735549927, 0.7722758054733276, 0.7914215922355652], [0.8590279817581177, 0.8603628277778625, 0.8866980671882629, 0.8812658190727234, 0.8173656463623047, 0.8780736327171326, 0.7907179594039917, 0.8395537734031677, 0.8637644648551941, 0.8559643030166626, 0.8577415347099304, 0.8700474500656128, 0.8165773153305054, 0.7491207122802734, 0.8507363200187683, 0.9384466409683228, 1.0067390203475952, 0.9432487487792969, 0.7605763673782349, 0.7541500926017761], [0.8738504648208618, 0.8964616656303406, 0.9172059893608093, 0.9121922254562378, 0.8636487722396851, 0.837475061416626, 0.834486186504364, 0.8506228923797607, 0.8751677870750427, 0.8690078854560852, 0.9014151096343994, 0.925264835357666, 0.8366120457649231, 0.7668420076370239, 0.8707197308540344, 0.9564095735549927, 0.9432487487792969, 1.0056099891662598, 0.7750231027603149, 0.81634920835495], [0.6819466352462769, 0.7470275163650513, 0.6822605729103088, 0.7925981879234314, 0.7551239728927612, 0.6579034328460693, 0.7603914737701416, 0.7711376547813416, 0.7826371192932129, 0.7245168685913086, 0.7564700245857239, 0.6821312308311462, 0.6665380001068115, 0.7374318242073059, 0.7438236474990845, 0.7722758054733276, 0.7605763673782349, 0.7750231027603149, 1.0052604675292969, 0.8438109159469604], [0.7315864562988281, 0.7546958327293396, 0.7648128867149353, 0.8278381824493408, 0.8025140166282654, 0.686398983001709, 0.8183349967002869, 0.7939798831939697, 0.7679766416549683, 0.7636204361915588, 0.8026136159896851, 0.7303528785705566, 0.7549799084663391, 0.7715408205986023, 0.7776627540588379, 0.7914215922355652, 0.7541501522064209, 0.8163491487503052, 0.8438107967376709, 0.9972239136695862]]}
{"idx": 2, "question": "Tell me the plot line in 5 sentences for a romcom movie set in rural Kansas for Easter.", "score": [[1.005545973777771, 0.7950810194015503, 0.8498327732086182, 0.8272796273231506, 0.8600053191184998, 0.8838306069374084, 0.8351436257362366, 0.8936266303062439, 0.7484562397003174, 0.9054144620895386, 0.832801342010498, 0.7771621942520142, 0.8848502039909363, 0.8959513306617737, 0.858473539352417, 0.7058864235877991, 0.8700554966926575, 0.9103065133094788, 0.8588573932647705, 0.7896610498428345], [0.7950810194015503, 1.0021326541900635, 0.7756455540657043, 0.7559009790420532, 0.7850996255874634, 0.7638659477233887, 0.8444410562515259, 0.7455732226371765, 0.8111230731010437, 0.7521160840988159, 0.7336058020591736, 0.7876197695732117, 0.8256986141204834, 0.8289337158203125, 0.795887291431427, 0.7762597799301147, 0.7170805931091309, 0.7891795039176941, 0.7143629789352417, 0.6913871169090271], [0.8498327732086182, 0.7756455540657043, 1.0004023313522339, 0.8359269499778748, 0.8130743503570557, 0.8733230829238892, 0.7932895421981812, 0.8374727368354797, 0.7353898286819458, 0.8082931041717529, 0.8534377217292786, 0.7422628402709961, 0.8720489740371704, 0.8320831060409546, 0.8181864619255066, 0.7322119474411011, 0.8237325549125671, 0.8802912831306458, 0.7983735203742981, 0.7902846336364746], [0.8272796273231506, 0.7559009790420532, 0.8359269499778748, 0.9946460127830505, 0.8069586753845215, 0.868792712688446, 0.8277111649513245, 0.8311423659324646, 0.7004001140594482, 0.8288887739181519, 0.8599122166633606, 0.7644018530845642, 0.8498265743255615, 0.8285732269287109, 0.7644538283348083, 0.6851816773414612, 0.8248810768127441, 0.8852924108505249, 0.8301681876182556, 0.8849846720695496], [0.8600053787231445, 0.7850996255874634, 0.8130743503570557, 0.8069586753845215, 1.003914475440979, 0.8698846101760864, 0.8372229337692261, 0.8734404444694519, 0.7552753686904907, 0.8360248804092407, 0.8581658601760864, 0.7884958386421204, 0.846165657043457, 0.8934230208396912, 0.8550769090652466, 0.755980372428894, 0.8529730439186096, 0.8676924109458923, 0.8630938529968262, 0.8000810146331787], [0.8838306069374084, 0.7638659477233887, 0.8733230829238892, 0.868792712688446, 0.8698846101760864, 0.998954176902771, 0.8542181849479675, 0.8965893983840942, 0.7337017059326172, 0.8483418226242065, 0.8658032417297363, 0.7738571763038635, 0.8870917558670044, 0.8744032382965088, 0.8364322781562805, 0.7319996356964111, 0.8778986930847168, 0.909488320350647, 0.8789085745811462, 0.8793177604675293], [0.8351436257362366, 0.8444410562515259, 0.7932895421981812, 0.8277111649513245, 0.8372229337692261, 0.8542181849479675, 1.0050926208496094, 0.819453775882721, 0.8441258072853088, 0.8132767081260681, 0.8089583516120911, 0.9118544459342957, 0.8554913401603699, 0.8529486060142517, 0.8340072631835938, 0.7838680148124695, 0.8092462420463562, 0.8381882905960083, 0.8220689296722412, 0.8063924312591553], [0.8936266303062439, 0.7455732226371765, 0.8374727368354797, 0.8311423659324646, 0.8734404444694519, 0.8965893983840942, 0.819453775882721, 1.0062291622161865, 0.7495620250701904, 0.8783683776855469, 0.8526361584663391, 0.7637432813644409, 0.8807211518287659, 0.8730263710021973, 0.8774349093437195, 0.7434684038162231, 0.8847966194152832, 0.8922449350357056, 0.8599486351013184, 0.8231636881828308], [0.7484562397003174, 0.8111229538917542, 0.7353898286819458, 0.7004001140594482, 0.7552753686904907, 0.7337017059326172, 0.8441258072853088, 0.7495620250701904, 1.0021852254867554, 0.7271422147750854, 0.7401280999183655, 0.8237292766571045, 0.80824214220047, 0.7453533411026001, 0.8131785988807678, 0.872875988483429, 0.6943718791007996, 0.7337531447410583, 0.7149470448493958, 0.6531775593757629], [0.9054144620895386, 0.7521160840988159, 0.8082931041717529, 0.8288888335227966, 0.8360248804092407, 0.8483418226242065, 0.8132767081260681, 0.8783683776855469, 0.7271422147750854, 1.005336880683899, 0.8170557022094727, 0.7757059931755066, 0.8525720834732056, 0.8533140420913696, 0.845556914806366, 0.6861584186553955, 0.8899186253547668, 0.8889520764350891, 0.8724783658981323, 0.794140100479126], [0.832801342010498, 0.7336058020591736, 0.8534377217292786, 0.8599122166633606, 0.8581658601760864, 0.8658032417297363, 0.8089583516120911, 0.8526360988616943, 0.7401280999183655, 0.8170557022094727, 0.9958553314208984, 0.7772862911224365, 0.8432037234306335, 0.8179873824119568, 0.7951114773750305, 0.7346962690353394, 0.8360199332237244, 0.9034916162490845, 0.8046504855155945, 0.8204253911972046], [0.7771621942520142, 0.7876197695732117, 0.7422628402709961, 0.7644018530845642, 0.7884958386421204, 0.7738571763038635, 0.9118544459342957, 0.7637432813644409, 0.8237292766571045, 0.7757059931755066, 0.7772862911224365, 1.003222942352295, 0.812053918838501, 0.8168560266494751, 0.760200023651123, 0.7638875842094421, 0.7771793603897095, 0.7949538826942444, 0.7732129693031311, 0.7272630929946899], [0.8848502039909363, 0.8256986141204834, 0.8720489740371704, 0.8498265743255615, 0.846165657043457, 0.8870917558670044, 0.8554913401603699, 0.8807211518287659, 0.80824214220047, 0.8525720834732056, 0.8432038426399231, 0.812053918838501, 1.0054600238800049, 0.8702957034111023, 0.8527889251708984, 0.7736594676971436, 0.857177734375, 0.8899160027503967, 0.839800238609314, 0.7982721924781799], [0.8959513306617737, 0.8289337158203125, 0.8320831060409546, 0.8285732269287109, 0.8934229612350464, 0.8744032382965088, 0.8529486060142517, 0.8730263710021973, 0.7453533411026001, 0.8533140420913696, 0.817987322807312, 0.8168560266494751, 0.8702957034111023, 1.0019793510437012, 0.8360704779624939, 0.7468629479408264, 0.8455022573471069, 0.890180230140686, 0.8641180992126465, 0.8079537749290466], [0.858473539352417, 0.7958872318267822, 0.8181864619255066, 0.7644538283348083, 0.8550769090652466, 0.8364322781562805, 0.8340072631835938, 0.8774349093437195, 0.8131785988807678, 0.845556914806366, 0.7951114773750305, 0.760200023651123, 0.8527889251708984, 0.8360704779624939, 0.9930530190467834, 0.7969521284103394, 0.851226806640625, 0.8360894322395325, 0.8223326206207275, 0.7529153227806091], [0.7058864235877991, 0.7762597799301147, 0.7322119474411011, 0.6851816773414612, 0.755980372428894, 0.7319996356964111, 0.7838680148124695, 0.7434684038162231, 0.872875988483429, 0.6861584186553955, 0.7346962690353394, 0.7638875842094421, 0.7736594676971436, 0.7468629479408264, 0.7969520688056946, 0.9953453540802002, 0.7240293622016907, 0.7185978293418884, 0.6907117962837219, 0.6496143341064453], [0.8700554966926575, 0.7170805931091309, 0.8237325549125671, 0.8248810768127441, 0.8529730439186096, 0.8778986930847168, 0.8092462420463562, 0.8847966194152832, 0.6943718791007996, 0.8899186253547668, 0.8360199332237244, 0.7771793603897095, 0.857177734375, 0.8455022573471069, 0.851226806640625, 0.7240293622016907, 0.9991921782493591, 0.8839895129203796, 0.8889925479888916, 0.8146095275878906], [0.9103065133094788, 0.7891795039176941, 0.8802912831306458, 0.8852924108505249, 0.8676924109458923, 0.909488320350647, 0.8381882905960083, 0.8922449350357056, 0.7337531447410583, 0.8889520764350891, 0.9034916162490845, 0.7949538826942444, 0.8899160027503967, 0.890180230140686, 0.8360894322395325, 0.7185978293418884, 0.8839895129203796, 1.00758695602417, 0.8880594968795776, 0.8477727174758911], [0.8588573932647705, 0.7143629789352417, 0.7983735203742981, 0.8301681876182556, 0.8630937933921814, 0.8789085745811462, 0.8220689296722412, 0.8599486351013184, 0.7149470448493958, 0.8724783658981323, 0.8046504855155945, 0.7732129693031311, 0.8398002982139587, 0.8641180992126465, 0.8223326206207275, 0.6907117962837219, 0.8889925479888916, 0.8880594968795776, 0.9937753677368164, 0.8269698619842529], [0.7896610498428345, 0.6913870573043823, 0.7902846336364746, 0.8849846720695496, 0.8000810146331787, 0.8793177604675293, 0.8063924312591553, 0.823163628578186, 0.6531775593757629, 0.794140100479126, 0.8204253315925598, 0.7272630929946899, 0.7982721924781799, 0.8079537749290466, 0.7529153227806091, 0.6496143341064453, 0.8146095275878906, 0.8477727174758911, 0.8269698619842529, 0.9944546818733215]]}
{"idx": 3, "question": "Write a haiku about a whale and a walnut tree.", "score": [[1.0048085451126099, 0.646915078163147, 0.8715379238128662, 0.8286598324775696, 0.6237671375274658, 0.8456987738609314, 0.798791766166687, 0.8714683651924133, 0.833560585975647, 0.8241457343101501, 0.8273317217826843, 0.7958175539970398, 0.8506027460098267, 0.7817840576171875, 0.7642996311187744, 0.6726261377334595, 0.7734931707382202, 0.8077760934829712, 0.8317562341690063, 0.802300751209259], [0.646915078163147, 1.0072968006134033, 0.7729731798171997, 0.7202537059783936, 0.8515869379043579, 0.7083597183227539, 0.7166804671287537, 0.7555750608444214, 0.693775475025177, 0.7646263837814331, 0.7544321417808533, 0.753059446811676, 0.7177653908729553, 0.7814440727233887, 0.7894450426101685, 0.9123649001121521, 0.7498286962509155, 0.7294970750808716, 0.7519357204437256, 0.7554411888122559], [0.8715379238128662, 0.7729731798171997, 1.004745602607727, 0.8726584911346436, 0.7050705552101135, 0.8603312373161316, 0.8724445700645447, 0.9016738533973694, 0.8467317819595337, 0.8792831897735596, 0.8995801210403442, 0.8567324876785278, 0.8738953471183777, 0.8662534356117249, 0.8571323752403259, 0.7837094664573669, 0.8208573460578918, 0.8652016520500183, 0.8987256288528442, 0.881817102432251], [0.8286598324775696, 0.7202538251876831, 0.8726584911346436, 1.0042400360107422, 0.7166497707366943, 0.9319119453430176, 0.8271580934524536, 0.8854575753211975, 0.8923415541648865, 0.8456286191940308, 0.8518871068954468, 0.8612624406814575, 0.9010606408119202, 0.8508737087249756, 0.8414053320884705, 0.7714635133743286, 0.7586166262626648, 0.8373550176620483, 0.8828758001327515, 0.9217661023139954], [0.6237671375274658, 0.8515869379043579, 0.705070436000824, 0.7166497707366943, 0.9992683529853821, 0.7299349308013916, 0.6515896320343018, 0.7095006704330444, 0.7245549559593201, 0.7271608114242554, 0.7438855171203613, 0.6945154666900635, 0.7144262790679932, 0.7928005456924438, 0.7642062306404114, 0.8269400000572205, 0.6544997692108154, 0.653849720954895, 0.675990879535675, 0.7111461758613586], [0.8456987738609314, 0.7083597183227539, 0.8603312373161316, 0.9319119453430176, 0.7299348711967468, 0.9940004944801331, 0.8021305203437805, 0.826403796672821, 0.8513960838317871, 0.8255049586296082, 0.8360894322395325, 0.8045334815979004, 0.8725382685661316, 0.8650702834129333, 0.8587018251419067, 0.767691433429718, 0.738168478012085, 0.8326765298843384, 0.8438015580177307, 0.9115267992019653], [0.798791766166687, 0.7166804671287537, 0.8724445700645447, 0.8271579742431641, 0.6515896320343018, 0.8021305203437805, 1.0018837451934814, 0.8644749522209167, 0.8499255180358887, 0.8252115845680237, 0.8220398426055908, 0.8347739577293396, 0.8488792181015015, 0.8304064869880676, 0.8942118287086487, 0.7254071235656738, 0.762723982334137, 0.8937143087387085, 0.880060613155365, 0.8710338473320007], [0.8714683651924133, 0.7555750012397766, 0.9016738533973694, 0.8854575753211975, 0.7095006704330444, 0.826403796672821, 0.864474892616272, 1.0023428201675415, 0.8828921914100647, 0.8812528848648071, 0.9012400507926941, 0.8867809772491455, 0.8996458053588867, 0.860445499420166, 0.8246846199035645, 0.786236047744751, 0.7919424772262573, 0.8540384769439697, 0.9067760705947876, 0.8673673868179321], [0.833560585975647, 0.693775475025177, 0.8467317819595337, 0.8923415541648865, 0.7245549559593201, 0.8513960838317871, 0.8499254584312439, 0.8828921914100647, 1.0075099468231201, 0.8321950435638428, 0.8338199853897095, 0.8648735880851746, 0.8991871476173401, 0.8291733264923096, 0.8704712986946106, 0.7603270411491394, 0.7751138806343079, 0.8446645140647888, 0.8870950937271118, 0.8737261891365051], [0.8241457343101501, 0.7646263837814331, 0.8792831897735596, 0.8456287384033203, 0.7271608114242554, 0.8255049586296082, 0.8252115845680237, 0.8812528848648071, 0.8321950435638428, 0.9970104098320007, 0.873498797416687, 0.8405482172966003, 0.8767806887626648, 0.864783525466919, 0.8075559139251709, 0.7857121825218201, 0.7581517100334167, 0.7847235202789307, 0.8712711930274963, 0.8297639489173889], [0.8273317217826843, 0.7544321417808533, 0.8995801210403442, 0.8518871068954468, 0.7438855171203613, 0.8360894322395325, 0.8220398426055908, 0.9012400507926941, 0.8338199853897095, 0.873498797416687, 1.001852035522461, 0.8378933072090149, 0.8545412421226501, 0.87966388463974, 0.8202638030052185, 0.768034815788269, 0.7602848410606384, 0.8157394528388977, 0.8627392053604126, 0.8672358989715576], [0.7958175539970398, 0.753059446811676, 0.8567324876785278, 0.8612624406814575, 0.6945154666900635, 0.8045334815979004, 0.8347739577293396, 0.8867809772491455, 0.8648735880851746, 0.8405482172966003, 0.8378933072090149, 1.001249074935913, 0.8427708148956299, 0.7983311414718628, 0.8142816424369812, 0.7511973977088928, 0.7896240949630737, 0.8291350603103638, 0.8627806901931763, 0.861236572265625], [0.8506027460098267, 0.7177653908729553, 0.8738953471183777, 0.9010606408119202, 0.7144262790679932, 0.8725382685661316, 0.8488792181015015, 0.8996458053588867, 0.8991871476173401, 0.8767806887626648, 0.8545412421226501, 0.8427708148956299, 1.0064117908477783, 0.866671085357666, 0.8402397036552429, 0.772407054901123, 0.7507558465003967, 0.84800785779953, 0.9438764452934265, 0.8696919679641724], [0.7817841172218323, 0.7814440727233887, 0.8662534356117249, 0.8508737087249756, 0.7928006649017334, 0.8650702834129333, 0.8304064869880676, 0.860445499420166, 0.8291733264923096, 0.8647835850715637, 0.87966388463974, 0.7983311414718628, 0.866671085357666, 1.0008206367492676, 0.8952698707580566, 0.8152867555618286, 0.7097994089126587, 0.8021078109741211, 0.8721469640731812, 0.8788043856620789], [0.7642996311187744, 0.7894450426101685, 0.8571323752403259, 0.8414053320884705, 0.7642062306404114, 0.8587018251419067, 0.8942118287086487, 0.8246846199035645, 0.8704712986946106, 0.8075559139251709, 0.8202638030052185, 0.8142816424369812, 0.8402397036552429, 0.8952698707580566, 1.006928563117981, 0.8209083676338196, 0.7612476944923401, 0.8784787058830261, 0.8763555288314819, 0.9056673645973206], [0.6726261377334595, 0.9123649001121521, 0.7837094664573669, 0.7714635133743286, 0.8269400596618652, 0.767691433429718, 0.7254071235656738, 0.786236047744751, 0.7603270411491394, 0.7857121825218201, 0.768034815788269, 0.7511973977088928, 0.772407054901123, 0.8152867555618286, 0.8209083676338196, 0.997361421585083, 0.7272065281867981, 0.7550608515739441, 0.8138702511787415, 0.799329400062561], [0.7734931707382202, 0.7498286962509155, 0.8208573460578918, 0.7586166858673096, 0.6544997692108154, 0.738168478012085, 0.762723982334137, 0.7919424772262573, 0.7751138806343079, 0.7581517100334167, 0.7602848410606384, 0.7896240949630737, 0.7507557272911072, 0.7097994089126587, 0.7612476944923401, 0.7272065281867981, 1.0018186569213867, 0.7808287143707275, 0.7817527055740356, 0.7582483887672424], [0.8077760934829712, 0.7294970750808716, 0.8652016520500183, 0.8373550176620483, 0.653849720954895, 0.8326765298843384, 0.8937143087387085, 0.8540384769439697, 0.8446645736694336, 0.7847234606742859, 0.8157394528388977, 0.8291350603103638, 0.84800785779953, 0.8021078109741211, 0.8784786462783813, 0.7550608515739441, 0.7808287143707275, 1.0064252614974976, 0.891249418258667, 0.9024198055267334], [0.8317562341690063, 0.7519357204437256, 0.8987256288528442, 0.8828758001327515, 0.675990879535675, 0.8438015580177307, 0.880060613155365, 0.9067760705947876, 0.8870950937271118, 0.8712711930274963, 0.8627392053604126, 0.8627806901931763, 0.9438763856887817, 0.8721469640731812, 0.8763555288314819, 0.8138702511787415, 0.7817526459693909, 0.891249418258667, 0.9977640509605408, 0.9108282923698425], [0.802300751209259, 0.7554411888122559, 0.8818169832229614, 0.9217662215232849, 0.7111461758613586, 0.9115267992019653, 0.8710338473320007, 0.8673673868179321, 0.8737260699272156, 0.8297639489173889, 0.8672358989715576, 0.861236572265625, 0.8696919679641724, 0.8788043856620789, 0.9056673645973206, 0.7993293404579163, 0.7582483887672424, 0.9024197459220886, 0.9108282923698425, 1.0019426345825195]]}
