{"idx": 0, "question": "Tell me a story in five sentences about a girl and her dog.", "score": [[1.0025259256362915, 0.7089366912841797, 0.7621652483940125, 0.7594341039657593, 0.780803918838501, 0.7984848618507385, 0.8012794852256775, 0.8176162242889404, 0.756132960319519, 0.7735218405723572, 0.7583643794059753, 0.7987476587295532, 0.8297077417373657, 0.740922212600708, 0.6725354194641113, 0.7602850794792175, 0.7780421376228333, 0.7732365727424622, 0.7514334321022034, 0.7320160269737244], [0.7089366912841797, 1.0043740272521973, 0.7499557137489319, 0.7105531096458435, 0.8250197172164917, 0.7318289875984192, 0.8018141388893127, 0.7786340713500977, 0.7757999897003174, 0.80079185962677, 0.7652801275253296, 0.8069729804992676, 0.7929799556732178, 0.8177742958068848, 0.7579095363616943, 0.69416743516922, 0.7112680673599243, 0.8072156310081482, 0.6903192400932312, 0.7516672015190125], [0.7621652483940125, 0.7499557137489319, 1.0077879428863525, 0.7587320804595947, 0.7746525406837463, 0.7807396650314331, 0.8131792545318604, 0.8835912942886353, 0.7767611145973206, 0.762444257736206, 0.8033679127693176, 0.8593391180038452, 0.8436196446418762, 0.873341977596283, 0.8440356850624084, 0.8185037970542908, 0.7767519354820251, 0.8223139047622681, 0.7760289311408997, 0.6940919756889343], [0.7594341039657593, 0.7105531096458435, 0.7587320804595947, 1.0038127899169922, 0.732194185256958, 0.7439489364624023, 0.7751646637916565, 0.857327938079834, 0.8005619049072266, 0.7529980540275574, 0.7203558087348938, 0.8241562247276306, 0.7990956902503967, 0.7721567749977112, 0.662428081035614, 0.7511873841285706, 0.7317211627960205, 0.7892270684242249, 0.8351771831512451, 0.6657711267471313], [0.780803918838501, 0.8250197172164917, 0.7746525406837463, 0.732194185256958, 1.0065863132476807, 0.798466145992279, 0.8066971898078918, 0.7991194725036621, 0.7795827388763428, 0.8106150031089783, 0.8050240874290466, 0.8624537587165833, 0.872672438621521, 0.8166544437408447, 0.7614125609397888, 0.7701017260551453, 0.8176383376121521, 0.8232955932617188, 0.7741146683692932, 0.7265987992286682], [0.7984848618507385, 0.7318289875984192, 0.7807396650314331, 0.7439489960670471, 0.798466145992279, 1.0060455799102783, 0.8238351345062256, 0.8141945600509644, 0.7615714073181152, 0.7599050998687744, 0.7588720321655273, 0.7997093796730042, 0.7953206896781921, 0.7831496000289917, 0.7468055486679077, 0.8069448471069336, 0.8348212242126465, 0.7749220132827759, 0.7878082394599915, 0.741560161113739], [0.8012794852256775, 0.8018141388893127, 0.8131792545318604, 0.7751646637916565, 0.8066971898078918, 0.8238351345062256, 1.0042243003845215, 0.8441082239151001, 0.8468675017356873, 0.7824100852012634, 0.8157010674476624, 0.8455610871315002, 0.8120728135108948, 0.7936856150627136, 0.8034619688987732, 0.7924651503562927, 0.8240800499916077, 0.8087611794471741, 0.8294267058372498, 0.7576051950454712], [0.8176162242889404, 0.7786340713500977, 0.8835912942886353, 0.857327938079834, 0.7991194725036621, 0.8141945600509644, 0.8441082239151001, 0.9937640428543091, 0.8430142402648926, 0.7953503131866455, 0.8241706490516663, 0.8612682223320007, 0.8563871383666992, 0.8470291495323181, 0.8071987628936768, 0.7992728352546692, 0.8099741339683533, 0.7977586984634399, 0.8611651659011841, 0.7547323703765869], [0.756132960319519, 0.7757999897003174, 0.7767611145973206, 0.8005619049072266, 0.7795827388763428, 0.7615714073181152, 0.846867561340332, 0.8430142402648926, 0.9934805631637573, 0.7867293953895569, 0.7728764414787292, 0.8286826610565186, 0.8138741850852966, 0.7902273535728455, 0.7125041484832764, 0.7654713988304138, 0.7456365823745728, 0.7543977499008179, 0.7944378852844238, 0.7799189686775208], [0.7735218405723572, 0.80079185962677, 0.7624443769454956, 0.7529980540275574, 0.8106150031089783, 0.7599050998687744, 0.7824100852012634, 0.7953503131866455, 0.7867293357849121, 0.9950335025787354, 0.7605694532394409, 0.8174275159835815, 0.7995006442070007, 0.8118587732315063, 0.7274823188781738, 0.7464034557342529, 0.7383522391319275, 0.7843480110168457, 0.7434012293815613, 0.7821446061134338], [0.7583643794059753, 0.7652801275253296, 0.8033679127693176, 0.7203558087348938, 0.8050240874290466, 0.7588720321655273, 0.8157010674476624, 0.8241706490516663, 0.7728764414787292, 0.7605694532394409, 1.0012400150299072, 0.8790704011917114, 0.8462103009223938, 0.8428042531013489, 0.75453120470047, 0.802494466304779, 0.8228702545166016, 0.8076503276824951, 0.7844550013542175, 0.7740740180015564], [0.7987476587295532, 0.8069729804992676, 0.8593391180038452, 0.8241562247276306, 0.8624537587165833, 0.7997093796730042, 0.8455610871315002, 0.8612682223320007, 0.8286826610565186, 0.8174275159835815, 0.8790704011917114, 0.9987019896507263, 0.9104393720626831, 0.8828759789466858, 0.7849719524383545, 0.8287192583084106, 0.8661641478538513, 0.8894842267036438, 0.8319554328918457, 0.7353276610374451], [0.8297077417373657, 0.7929799556732178, 0.8436196446418762, 0.7990956902503967, 0.872672438621521, 0.7953206896781921, 0.8120728135108948, 0.8563871383666992, 0.8138742446899414, 0.7995006442070007, 0.8462103009223938, 0.9104394912719727, 1.005254864692688, 0.8460705876350403, 0.7786966562271118, 0.8256059288978577, 0.8199509978294373, 0.846518874168396, 0.8016253709793091, 0.7133098840713501], [0.740922212600708, 0.8177742958068848, 0.873341977596283, 0.7721567749977112, 0.8166544437408447, 0.7831496596336365, 0.7936856150627136, 0.8470292687416077, 0.7902273535728455, 0.8118587732315063, 0.8428042531013489, 0.8828759789466858, 0.8460705876350403, 1.0050522089004517, 0.8396807909011841, 0.7574602961540222, 0.7782701849937439, 0.8430733680725098, 0.7638956904411316, 0.7612739205360413], [0.6725354194641113, 0.7579095959663391, 0.8440356850624084, 0.662428081035614, 0.7614125609397888, 0.7468055486679077, 0.8034619688987732, 0.8071987628936768, 0.7125041484832764, 0.7274823188781738, 0.75453120470047, 0.7849719524383545, 0.7786967754364014, 0.8396807909011841, 0.9981043338775635, 0.6993445754051208, 0.7172797918319702, 0.7429551482200623, 0.7164414525032043, 0.6843323111534119], [0.7602850794792175, 0.69416743516922, 0.8185037970542908, 0.7511873841285706, 0.7701017260551453, 0.8069448471069336, 0.7924651503562927, 0.7992729544639587, 0.7654713988304138, 0.7464034557342529, 0.802494466304779, 0.8287192583084106, 0.8256059288978577, 0.7574602961540222, 0.6993445754051208, 1.004407286643982, 0.8198767304420471, 0.7425890564918518, 0.782351553440094, 0.7399864792823792], [0.7780421376228333, 0.7112680673599243, 0.7767519354820251, 0.7317211627960205, 0.8176383376121521, 0.8348212242126465, 0.8240800499916077, 0.8099741339683533, 0.7456365823745728, 0.7383522391319275, 0.8228702545166016, 0.8661641478538513, 0.8199509978294373, 0.7782701849937439, 0.7172797918319702, 0.8198767304420471, 1.0061354637145996, 0.7707962989807129, 0.8795321583747864, 0.7163814306259155], [0.7732365727424622, 0.8072156310081482, 0.8223139047622681, 0.7892270684242249, 0.8232955932617188, 0.7749220132827759, 0.8087611794471741, 0.7977586984634399, 0.7543977499008179, 0.7843481302261353, 0.8076503276824951, 0.8894842267036438, 0.846518874168396, 0.8430733680725098, 0.7429551482200623, 0.7425890564918518, 0.7707962989807129, 0.9982556700706482, 0.7456875443458557, 0.6968680620193481], [0.7514334321022034, 0.6903191804885864, 0.7760289311408997, 0.8351771831512451, 0.7741146683692932, 0.7878082394599915, 0.8294267058372498, 0.8611651659011841, 0.7944378852844238, 0.7434012293815613, 0.7844550013542175, 0.8319554328918457, 0.8016253709793091, 0.7638956904411316, 0.7164414525032043, 0.782351553440094, 0.8795321583747864, 0.7456875443458557, 1.0073758363723755, 0.7178851366043091], [0.7320160269737244, 0.7516672015190125, 0.6940919756889343, 0.6657711267471313, 0.7265987992286682, 0.741560161113739, 0.7576051950454712, 0.7547323703765869, 0.7799189686775208, 0.7821446061134338, 0.7740740180015564, 0.7353276610374451, 0.7133098840713501, 0.7612738609313965, 0.6843323111534119, 0.7399863600730896, 0.7163814902305603, 0.6968681216239929, 0.7178851366043091, 1.0045138597488403]]}
{"idx": 1, "question": "Tell me a story in five sentences about a boy and his dog.", "score": [[0.9974850416183472, 0.7458151578903198, 0.772415041923523, 0.6601201891899109, 0.7593457698822021, 0.800690233707428, 0.7544142603874207, 0.7624476552009583, 0.7108585238456726, 0.8340659141540527, 0.6853318214416504, 0.8479838967323303, 0.7710174918174744, 0.7486121654510498, 0.7787755131721497, 0.7482636570930481, 0.7853390574455261, 0.7449086308479309, 0.8277794122695923, 0.7216243743896484], [0.7458151578903198, 0.9945539832115173, 0.7745718359947205, 0.599808931350708, 0.7953379154205322, 0.8193134069442749, 0.8468387126922607, 0.8019742369651794, 0.7712799310684204, 0.7162757515907288, 0.6540208458900452, 0.8167445659637451, 0.8365245461463928, 0.7999097108840942, 0.8148623108863831, 0.7049031853675842, 0.7729220390319824, 0.8309414386749268, 0.8306732177734375, 0.7982713580131531], [0.772415041923523, 0.7745718359947205, 1.0044900178909302, 0.6438201665878296, 0.8181072473526001, 0.8402804136276245, 0.8454959392547607, 0.8288596868515015, 0.7563513517379761, 0.8731448650360107, 0.7255121469497681, 0.8012941479682922, 0.8455687165260315, 0.8110515475273132, 0.8265407085418701, 0.7259649038314819, 0.8935487866401672, 0.8308761119842529, 0.8571946024894714, 0.6990367770195007], [0.6601201891899109, 0.599808931350708, 0.6438201665878296, 1.0067458152770996, 0.636894166469574, 0.681001603603363, 0.6338136792182922, 0.6563934087753296, 0.6642712354660034, 0.7270933985710144, 0.6644250750541687, 0.6471402049064636, 0.6043449640274048, 0.6597050428390503, 0.6472751498222351, 0.6868287324905396, 0.6642723083496094, 0.6569122076034546, 0.6327568292617798, 0.6684554219245911], [0.7593457698822021, 0.7953379154205322, 0.8181072473526001, 0.636894166469574, 0.9970881938934326, 0.8735875487327576, 0.8942698836326599, 0.8864024877548218, 0.7804123759269714, 0.7867140173912048, 0.6557473540306091, 0.8487005233764648, 0.854906439781189, 0.8792207837104797, 0.885687530040741, 0.7706320285797119, 0.800413966178894, 0.807129442691803, 0.8616023063659668, 0.7562811970710754], [0.800690233707428, 0.8193134069442749, 0.8402804136276245, 0.681001603603363, 0.8735875487327576, 1.0050960779190063, 0.9185130000114441, 0.9048011302947998, 0.7629498243331909, 0.8516849279403687, 0.7006111741065979, 0.8482428789138794, 0.8783334493637085, 0.8885459899902344, 0.899435818195343, 0.7843503355979919, 0.8278778791427612, 0.8444727659225464, 0.9066627025604248, 0.8084585070610046], [0.7544142603874207, 0.8468387126922607, 0.8454959392547607, 0.6338136792182922, 0.8942698836326599, 0.9185130000114441, 0.9959155917167664, 0.9356640577316284, 0.8612845540046692, 0.7902641296386719, 0.6987829208374023, 0.8348079323768616, 0.9281625151634216, 0.9384898543357849, 0.9220916032791138, 0.7572281360626221, 0.8158133625984192, 0.8618906736373901, 0.905249834060669, 0.7703713774681091], [0.7624476552009583, 0.8019742369651794, 0.8288596868515015, 0.6563934087753296, 0.8864024877548218, 0.9048011302947998, 0.9356640577316284, 0.9999834299087524, 0.829031229019165, 0.7819234728813171, 0.7249243259429932, 0.8532077074050903, 0.8965015411376953, 0.9431884288787842, 0.9607807397842407, 0.7576053142547607, 0.8054993748664856, 0.8331634998321533, 0.889556884765625, 0.7517266869544983], [0.7108585238456726, 0.7712799310684204, 0.7563513517379761, 0.6642712354660034, 0.7804124355316162, 0.7629498243331909, 0.8612845540046692, 0.829031229019165, 0.9969785213470459, 0.7563723921775818, 0.7880628705024719, 0.7917978763580322, 0.868663489818573, 0.8317714929580688, 0.8198260068893433, 0.7742953896522522, 0.7969555258750916, 0.8609658479690552, 0.8062478303909302, 0.7087150812149048], [0.8340657949447632, 0.7162757515907288, 0.8731448650360107, 0.7270933985710144, 0.7867140173912048, 0.8516848087310791, 0.7902641296386719, 0.7819234728813171, 0.7563723921775818, 1.0013320446014404, 0.7416598796844482, 0.8033837676048279, 0.7942240238189697, 0.7856322526931763, 0.7710713148117065, 0.7628798484802246, 0.8621694445610046, 0.7849905490875244, 0.8177269697189331, 0.7439754009246826], [0.6853318214416504, 0.6540208458900452, 0.7255121469497681, 0.6644250750541687, 0.6557473540306091, 0.7006111741065979, 0.6987829208374023, 0.7249243259429932, 0.7880628705024719, 0.7416598796844482, 0.9949294924736023, 0.7482914328575134, 0.7435405254364014, 0.7058773636817932, 0.7168341279029846, 0.7424648404121399, 0.8039936423301697, 0.796316385269165, 0.7052276730537415, 0.6525097489356995], [0.8479838967323303, 0.8167445659637451, 0.8012941479682922, 0.6471402049064636, 0.8487005233764648, 0.8482428789138794, 0.8348079323768616, 0.8532077074050903, 0.7917978763580322, 0.8033837676048279, 0.7482914328575134, 1.005719542503357, 0.843704342842102, 0.813535749912262, 0.8597537875175476, 0.815578281879425, 0.8232771158218384, 0.8226862549781799, 0.8388603925704956, 0.7984848022460938], [0.7710174918174744, 0.8365245461463928, 0.8455687165260315, 0.6043449640274048, 0.854906439781189, 0.8783334493637085, 0.9281626343727112, 0.8965015411376953, 0.868663489818573, 0.7942240238189697, 0.7435405254364014, 0.843704342842102, 0.9990106225013733, 0.8794008493423462, 0.8920457363128662, 0.7446460723876953, 0.8546530604362488, 0.9086145758628845, 0.8949909806251526, 0.775439977645874], [0.7486121654510498, 0.7999097108840942, 0.8110515475273132, 0.6597050428390503, 0.8792207837104797, 0.8885459899902344, 0.9384898543357849, 0.9431883692741394, 0.8317714929580688, 0.7856322526931763, 0.7058773636817932, 0.813535749912262, 0.8794008493423462, 1.003999948501587, 0.9063687920570374, 0.73134446144104, 0.7944114804267883, 0.8180955648422241, 0.8564070463180542, 0.7488523721694946], [0.7787756323814392, 0.8148623108863831, 0.8265407085418701, 0.6472751498222351, 0.885687530040741, 0.899435818195343, 0.9220916032791138, 0.9607807397842407, 0.8198260068893433, 0.7710713148117065, 0.7168341875076294, 0.8597537875175476, 0.8920457363128662, 0.9063687920570374, 0.9990776777267456, 0.7586728930473328, 0.8118171691894531, 0.8270857930183411, 0.904593825340271, 0.7364457845687866], [0.7482636570930481, 0.7049031853675842, 0.7259649038314819, 0.6868287324905396, 0.7706320881843567, 0.7843503355979919, 0.7572281360626221, 0.7576053142547607, 0.7742953896522522, 0.7628798484802246, 0.7424648404121399, 0.815578281879425, 0.7446460723876953, 0.73134446144104, 0.7586728930473328, 1.0009255409240723, 0.7440791130065918, 0.7702686786651611, 0.7446465492248535, 0.6864970922470093], [0.7853390574455261, 0.7729220390319824, 0.8935487866401672, 0.6642723083496094, 0.800413966178894, 0.8278778791427612, 0.8158133625984192, 0.8054993152618408, 0.7969555258750916, 0.8621695041656494, 0.8039936423301697, 0.8232771158218384, 0.8546530604362488, 0.7944114804267883, 0.8118171691894531, 0.7440791130065918, 1.0002168416976929, 0.8777101635932922, 0.8423250913619995, 0.7578863501548767], [0.7449086308479309, 0.8309414386749268, 0.8308761119842529, 0.6569122076034546, 0.807129442691803, 0.8444727659225464, 0.8618906736373901, 0.8331634998321533, 0.8609657287597656, 0.7849905490875244, 0.796316385269165, 0.8226862549781799, 0.9086145758628845, 0.8180955648422241, 0.8270857930183411, 0.7702686786651611, 0.8777101635932922, 1.0035746097564697, 0.8463679552078247, 0.8108029961585999], [0.8277794122695923, 0.8306732177734375, 0.8571946620941162, 0.6327568292617798, 0.8616023063659668, 0.9066627025604248, 0.905249834060669, 0.889556884765625, 0.8062478303909302, 0.8177270293235779, 0.7052276730537415, 0.8388603925704956, 0.8949909806251526, 0.8564070463180542, 0.904593825340271, 0.7446465492248535, 0.8423250913619995, 0.8463679552078247, 1.0074727535247803, 0.7548577785491943], [0.7216243743896484, 0.7982712984085083, 0.6990367770195007, 0.6684554219245911, 0.7562811970710754, 0.8084585070610046, 0.7703713774681091, 0.7517267465591431, 0.7087150812149048, 0.7439754009246826, 0.6525097489356995, 0.7984848618507385, 0.775439977645874, 0.7488523721694946, 0.7364457845687866, 0.6864970922470093, 0.7578863501548767, 0.8108029961585999, 0.7548577785491943, 0.9973863959312439]]}
{"idx": 2, "question": "Tell me the plot line in 5 sentences for a romcom movie set in rural Kansas for Easter.", "score": [[1.0018446445465088, 0.8747532367706299, 0.7518853545188904, 0.6493490934371948, 0.7602360248565674, 0.7991929650306702, 0.7556508779525757, 0.7637273073196411, 0.9181307554244995, 0.7879798412322998, 0.8174561262130737, 0.723250150680542, 0.9121803045272827, 0.7510741353034973, 0.5432227253913879, 0.907681405544281, 0.7966537475585938, 0.7308703064918518, 0.7156466841697693, 0.7643892765045166], [0.8747532367706299, 0.9990020990371704, 0.7319579720497131, 0.682774007320404, 0.8043396472930908, 0.7976068258285522, 0.7561880946159363, 0.7781397700309753, 0.8855718374252319, 0.8097130060195923, 0.7705522775650024, 0.7726433277130127, 0.8462197780609131, 0.6890772581100464, 0.6203354597091675, 0.8764355778694153, 0.7947877645492554, 0.7447108626365662, 0.7226032018661499, 0.7657148241996765], [0.7518854141235352, 0.7319579720497131, 1.0050958395004272, 0.7103665471076965, 0.8718597292900085, 0.8544500470161438, 0.8897379040718079, 0.8297777771949768, 0.784589409828186, 0.8491976261138916, 0.6988897919654846, 0.8416654467582703, 0.7462168335914612, 0.8448037505149841, 0.5945468544960022, 0.7526465058326721, 0.8645029664039612, 0.8816362023353577, 0.8675585389137268, 0.8213281035423279], [0.6493490934371948, 0.682774007320404, 0.7103665471076965, 0.9937202334403992, 0.7879213094711304, 0.7415981888771057, 0.7534814476966858, 0.7105479836463928, 0.6929059624671936, 0.7913093566894531, 0.6682562828063965, 0.7653524279594421, 0.6917836666107178, 0.6659271121025085, 0.873412549495697, 0.6750177145004272, 0.7607367634773254, 0.7329861521720886, 0.7512472867965698, 0.7029154300689697], [0.7602360248565674, 0.8043396472930908, 0.8718596696853638, 0.7879213094711304, 0.9969686269760132, 0.8522716164588928, 0.9008514285087585, 0.8284375071525574, 0.8025224208831787, 0.8997565507888794, 0.703606903553009, 0.9050338268280029, 0.7716283798217773, 0.7961233854293823, 0.6750243902206421, 0.7750723361968994, 0.8917656540870667, 0.8624345064163208, 0.8791356086730957, 0.8291739821434021], [0.7991929650306702, 0.7976068258285522, 0.8544500470161438, 0.7415981888771057, 0.8522714972496033, 1.0011826753616333, 0.8285415768623352, 0.8618566393852234, 0.8073241710662842, 0.8772768974304199, 0.7807469964027405, 0.8750091791152954, 0.8284143209457397, 0.8086740374565125, 0.6315615773200989, 0.8027850389480591, 0.8724414110183716, 0.8301253914833069, 0.8511074185371399, 0.8712812662124634], [0.7556508779525757, 0.7561880946159363, 0.8897379040718079, 0.7534814476966858, 0.9008514285087585, 0.8285415768623352, 1.0064536333084106, 0.8212271332740784, 0.772453784942627, 0.8532305955886841, 0.6749269962310791, 0.8376550674438477, 0.723505437374115, 0.7922566533088684, 0.6500692367553711, 0.758975088596344, 0.8666021227836609, 0.8556579351425171, 0.8309403657913208, 0.8023911118507385], [0.7637273073196411, 0.7781397700309753, 0.8297777771949768, 0.7105479836463928, 0.8284375071525574, 0.8618566393852234, 0.8212271332740784, 0.9979797601699829, 0.7636090517044067, 0.8408026695251465, 0.6913717985153198, 0.8886367678642273, 0.7895452976226807, 0.7574307918548584, 0.6368587613105774, 0.7789691090583801, 0.9099116921424866, 0.8453711867332458, 0.8440108299255371, 0.8778226375579834], [0.9181307554244995, 0.8855718374252319, 0.784589409828186, 0.6929059624671936, 0.8025224208831787, 0.8073241710662842, 0.772453784942627, 0.7636090517044067, 0.9993095993995667, 0.8366786241531372, 0.8337469100952148, 0.7401079535484314, 0.8994522094726562, 0.7686226963996887, 0.5761502981185913, 0.8927382826805115, 0.8128830790519714, 0.770137369632721, 0.7561288475990295, 0.760061502456665], [0.7879798412322998, 0.8097130060195923, 0.8491976857185364, 0.7913093566894531, 0.8997565507888794, 0.8772768974304199, 0.8532305955886841, 0.8408026099205017, 0.8366786241531372, 0.9992526173591614, 0.7411632537841797, 0.8842664361000061, 0.8245023488998413, 0.7735536098480225, 0.6645151376724243, 0.8036999702453613, 0.9207750558853149, 0.8923612236976624, 0.8841163516044617, 0.8431021571159363], [0.8174561262130737, 0.7705522775650024, 0.6988897919654846, 0.6682562828063965, 0.703606903553009, 0.7807469964027405, 0.6749269962310791, 0.6913717985153198, 0.8337469696998596, 0.7411632537841797, 0.9969834685325623, 0.67447829246521, 0.8329833149909973, 0.6711544394493103, 0.5403677821159363, 0.7978975176811218, 0.709347128868103, 0.6424110531806946, 0.7187042236328125, 0.7090477347373962], [0.723250150680542, 0.7726433277130127, 0.8416654467582703, 0.7653524279594421, 0.9050338268280029, 0.8750091791152954, 0.8376550674438477, 0.8886367678642273, 0.7401079535484314, 0.8842664957046509, 0.67447829246521, 1.0062201023101807, 0.7768779397010803, 0.7928358912467957, 0.6844473481178284, 0.7591071724891663, 0.9029372334480286, 0.869401216506958, 0.8811708092689514, 0.8828867077827454], [0.9121803045272827, 0.8462197780609131, 0.7462168335914612, 0.6917836666107178, 0.7716283798217773, 0.8284143209457397, 0.723505437374115, 0.7895452976226807, 0.8994522094726562, 0.8245023488998413, 0.8329833149909973, 0.7768779397010803, 1.002408742904663, 0.7608519792556763, 0.5637066960334778, 0.8699885606765747, 0.8080049157142639, 0.7608787417411804, 0.758628249168396, 0.7943205833435059], [0.7510741353034973, 0.6890772581100464, 0.8448037505149841, 0.6659271121025085, 0.7961233854293823, 0.8086739778518677, 0.7922566533088684, 0.7574307918548584, 0.7686226963996887, 0.7735536098480225, 0.6711544394493103, 0.7928358912467957, 0.7608519792556763, 1.0030484199523926, 0.5377493500709534, 0.7299791574478149, 0.7725147008895874, 0.8013696670532227, 0.7711332440376282, 0.8085826635360718], [0.5432227849960327, 0.6203354597091675, 0.5945468544960022, 0.8734124302864075, 0.6750243902206421, 0.6315616369247437, 0.6500692367553711, 0.6368587613105774, 0.5761502981185913, 0.6645151376724243, 0.5403677821159363, 0.6844473481178284, 0.563706636428833, 0.5377493500709534, 0.9938661456108093, 0.5593486428260803, 0.6489917635917664, 0.6147342920303345, 0.611889660358429, 0.6001606583595276], [0.907681405544281, 0.8764355778694153, 0.7526465058326721, 0.6750177145004272, 0.7750723361968994, 0.8027850389480591, 0.758975088596344, 0.7789691090583801, 0.8927382826805115, 0.8036999702453613, 0.7978975176811218, 0.7591071724891663, 0.8699885606765747, 0.7299791574478149, 0.5593486428260803, 1.002119779586792, 0.8182470798492432, 0.7567288875579834, 0.7519168853759766, 0.8040026426315308], [0.7966537475585938, 0.7947877645492554, 0.8645029664039612, 0.7607367634773254, 0.8917656540870667, 0.8724414110183716, 0.8666021227836609, 0.9099116921424866, 0.8128830790519714, 0.9207750558853149, 0.709347128868103, 0.9029372334480286, 0.8080049157142639, 0.7725147604942322, 0.6489917635917664, 0.8182470798492432, 0.9950160980224609, 0.9173446893692017, 0.9017179012298584, 0.8789006471633911], [0.7308703064918518, 0.7447108626365662, 0.8816362023353577, 0.7329861521720886, 0.8624345660209656, 0.8301253914833069, 0.8556579351425171, 0.8453711867332458, 0.770137369632721, 0.8923612236976624, 0.6424110531806946, 0.869401216506958, 0.7608787417411804, 0.8013696670532227, 0.6147342920303345, 0.7567288875579834, 0.9173446893692017, 0.9947116374969482, 0.8631597757339478, 0.8463292121887207], [0.7156466245651245, 0.7226032018661499, 0.8675585389137268, 0.7512472867965698, 0.8791356086730957, 0.8511074185371399, 0.8309403657913208, 0.8440108299255371, 0.7561288475990295, 0.8841163516044617, 0.7187042236328125, 0.8811708092689514, 0.758628249168396, 0.7711332440376282, 0.611889660358429, 0.7519168853759766, 0.9017179012298584, 0.8631597757339478, 1.0047515630722046, 0.838550329208374], [0.7643892765045166, 0.7657148241996765, 0.8213281035423279, 0.7029154300689697, 0.8291739821434021, 0.8712812662124634, 0.8023911118507385, 0.8778226375579834, 0.760061502456665, 0.8431021571159363, 0.7090477347373962, 0.8828867077827454, 0.7943205833435059, 0.8085826635360718, 0.6001606583595276, 0.8040026426315308, 0.8789006471633911, 0.8463292121887207, 0.838550329208374, 1.004852533340454]]}
{"idx": 3, "question": "Write a haiku about a whale and a walnut tree.", "score": [[0.9944182634353638, 0.7879188060760498, 0.8284147381782532, 0.8602575659751892, 0.8574498295783997, 0.784788966178894, 0.83549964427948, 0.8980651497840881, 0.8681960105895996, 0.8125616312026978, 0.8439836502075195, 0.8971810340881348, 0.8481327891349792, 0.7723836898803711, 0.8634130358695984, 0.8121298551559448, 0.7721740007400513, 0.876815915107727], [0.7879188060760498, 1.0072972774505615, 0.8384379148483276, 0.8286599516868591, 0.8084812760353088, 0.7106555700302124, 0.8604946136474609, 0.8168761730194092, 0.8590273857116699, 0.9385981559753418, 0.7756034135818481, 0.8422024250030518, 0.7580836415290833, 0.8056262135505676, 0.867498517036438, 0.802738606929779, 0.8683728575706482, 0.8839203715324402], [0.8284147381782532, 0.8384379148483276, 0.9998012781143188, 0.8762450218200684, 0.7741411924362183, 0.7117906212806702, 0.8317033648490906, 0.8637775182723999, 0.8704405426979065, 0.856505274772644, 0.7955154180526733, 0.8157836198806763, 0.8195558190345764, 0.7842276692390442, 0.843807578086853, 0.8645365238189697, 0.7474035024642944, 0.905283510684967], [0.8602575659751892, 0.8286599516868591, 0.8762450218200684, 1.0070291757583618, 0.8723183870315552, 0.7714738845825195, 0.8801193833351135, 0.8947011232376099, 0.9330773949623108, 0.8498145341873169, 0.8381723761558533, 0.8674019575119019, 0.8207303881645203, 0.8293519020080566, 0.905367910861969, 0.860377311706543, 0.7770355343818665, 0.9085628390312195], [0.8574498295783997, 0.8084812760353088, 0.7741411924362183, 0.8723183870315552, 0.995782732963562, 0.7216009497642517, 0.91303950548172, 0.8839691281318665, 0.8580690622329712, 0.8519076108932495, 0.7719284892082214, 0.9036610126495361, 0.7882562875747681, 0.7649006843566895, 0.9161572456359863, 0.7715529203414917, 0.7687781453132629, 0.8584408760070801], [0.784788966178894, 0.7106555700302124, 0.7117906212806702, 0.7714738845825195, 0.7216009497642517, 0.9938599467277527, 0.7300246357917786, 0.7576695680618286, 0.7812193036079407, 0.7037811279296875, 0.81145840883255, 0.7648111581802368, 0.7169923186302185, 0.732694149017334, 0.763942301273346, 0.7694175243377686, 0.6865797638893127, 0.7750758528709412], [0.83549964427948, 0.8604946136474609, 0.8317033648490906, 0.8801193833351135, 0.91303950548172, 0.7300246357917786, 0.9999126195907593, 0.8638390302658081, 0.8831045627593994, 0.8935422897338867, 0.7898147106170654, 0.903339147567749, 0.7885912656784058, 0.802516758441925, 0.9152905344963074, 0.8199259638786316, 0.8126672506332397, 0.8784535527229309], [0.8980651497840881, 0.8168761730194092, 0.8637775182723999, 0.8947011232376099, 0.8839691281318665, 0.7576696276664734, 0.8638390302658081, 0.9929879903793335, 0.8985991477966309, 0.8463919758796692, 0.8285307288169861, 0.8930002450942993, 0.88153076171875, 0.7925413846969604, 0.8918290734291077, 0.8335881233215332, 0.7779512405395508, 0.9019954800605774], [0.8681960105895996, 0.8590273857116699, 0.8704405426979065, 0.9330773949623108, 0.8580690622329712, 0.7812193036079407, 0.8831045031547546, 0.8985991477966309, 0.9962562918663025, 0.8717586994171143, 0.8463051319122314, 0.8754227161407471, 0.8199150562286377, 0.8853449821472168, 0.910369336605072, 0.8677606582641602, 0.7893370985984802, 0.915847659111023], [0.8125616312026978, 0.9385981559753418, 0.856505274772644, 0.8498145341873169, 0.8519076108932495, 0.7037811279296875, 0.8935422897338867, 0.8463919758796692, 0.8717586994171143, 1.0022122859954834, 0.7681854367256165, 0.8819721341133118, 0.770496666431427, 0.8193128108978271, 0.8818805813789368, 0.8044098615646362, 0.8163992166519165, 0.8854600787162781], [0.8439836502075195, 0.7756034135818481, 0.7955154180526733, 0.8381723761558533, 0.771928608417511, 0.81145840883255, 0.7898147106170654, 0.8285307884216309, 0.8463051319122314, 0.7681854367256165, 1.000005841255188, 0.8201034665107727, 0.7756343483924866, 0.7842503786087036, 0.8195198774337769, 0.8468430638313293, 0.7364343404769897, 0.8463485240936279], [0.8971810340881348, 0.8422024250030518, 0.8157836198806763, 0.8674019575119019, 0.9036610126495361, 0.7648111581802368, 0.903339147567749, 0.8930002450942993, 0.8754227757453918, 0.8819721341133118, 0.8201034665107727, 0.9972429871559143, 0.8038674592971802, 0.7912914752960205, 0.903418242931366, 0.8035313487052917, 0.823997974395752, 0.8650071620941162], [0.848132848739624, 0.7580836415290833, 0.8195558190345764, 0.8207303881645203, 0.7882562875747681, 0.7169922590255737, 0.7885912656784058, 0.88153076171875, 0.8199150562286377, 0.770496666431427, 0.7756343483924866, 0.8038674592971802, 1.0026683807373047, 0.7119840383529663, 0.8046940565109253, 0.7766201496124268, 0.7418365478515625, 0.8474698662757874], [0.7723836898803711, 0.8056262135505676, 0.7842276692390442, 0.8293519020080566, 0.7649006843566895, 0.732694149017334, 0.802516758441925, 0.7925413846969604, 0.8853449821472168, 0.8193128108978271, 0.7842503786087036, 0.7912914752960205, 0.7119840383529663, 1.0034345388412476, 0.8456990718841553, 0.814887285232544, 0.7327966690063477, 0.8280872702598572], [0.8634130358695984, 0.867498517036438, 0.843807578086853, 0.905367910861969, 0.9161572456359863, 0.763942301273346, 0.9152905344963074, 0.8918290734291077, 0.910369336605072, 0.8818805813789368, 0.8195198774337769, 0.903418242931366, 0.8046940565109253, 0.8456990718841553, 0.9939376711845398, 0.8242461681365967, 0.7971382737159729, 0.9133704900741577], [0.8121299147605896, 0.802738606929779, 0.8645365238189697, 0.860377311706543, 0.7715529203414917, 0.7694175243377686, 0.8199259638786316, 0.8335881233215332, 0.8677606582641602, 0.8044098615646362, 0.8468430638313293, 0.8035313487052917, 0.7766201496124268, 0.814887285232544, 0.8242461681365967, 1.0071297883987427, 0.7414790987968445, 0.8702067136764526], [0.772174060344696, 0.868372917175293, 0.7474035024642944, 0.777035653591156, 0.7687780857086182, 0.6865798830986023, 0.8126672506332397, 0.7779512405395508, 0.7893370389938354, 0.816399097442627, 0.7364344000816345, 0.8239980340003967, 0.7418366074562073, 0.7327967286109924, 0.7971383333206177, 0.7414789795875549, 1.0028389692306519, 0.8212507963180542], [0.876815915107727, 0.8839203715324402, 0.9052833914756775, 0.9085627198219299, 0.8584408164024353, 0.7750758528709412, 0.8784534931182861, 0.9019954800605774, 0.915847659111023, 0.8854601383209229, 0.8463485836982727, 0.8650071024894714, 0.8474698662757874, 0.8280872702598572, 0.9133704900741577, 0.8702067136764526, 0.8212507963180542, 1.0006859302520752]]}
{"idx": 4, "question": "Write a short love poem with 4 lines.", "score": [[0.9968920946121216, 0.5581732988357544, 0.5624644756317139, 0.5198005437850952, 0.4946112036705017, 0.46958693861961365, 0.5581298470497131, 0.5440260171890259, 0.5214582681655884, 0.5387433767318726, 0.5647398829460144, 0.5681299567222595, 0.5204774737358093, 0.5482993721961975, 0.5478005409240723, 0.5235110521316528, 0.5581333041191101, 0.6200320720672607], [0.5581732988357544, 1.0059490203857422, 0.7151418924331665, 0.7961418628692627, 0.6686769127845764, 0.6765968799591064, 0.8144350051879883, 0.9514408707618713, 0.6910679936408997, 0.8078365325927734, 0.797662079334259, 0.7704855799674988, 0.8127755522727966, 0.7880065441131592, 0.7361779808998108, 0.7529650926589966, 0.7646417617797852, 0.8142823576927185], [0.5624644756317139, 0.7151418924331665, 0.9942131042480469, 0.6498169898986816, 0.7684707641601562, 0.5763646960258484, 0.7240356802940369, 0.7304691076278687, 0.6776764988899231, 0.7350664138793945, 0.7157374024391174, 0.7729274034500122, 0.6870642304420471, 0.6745463609695435, 0.7050497531890869, 0.6838297247886658, 0.7009539008140564, 0.802561342716217], [0.5198005437850952, 0.7961418628692627, 0.6498169898986816, 0.9976604580879211, 0.5770465135574341, 0.7679455280303955, 0.8718913793563843, 0.7436776757240295, 0.7543126344680786, 0.71491539478302, 0.7924399375915527, 0.7627068758010864, 0.790920078754425, 0.7629408240318298, 0.7901796102523804, 0.7665765285491943, 0.7416678071022034, 0.754791259765625], [0.4946112036705017, 0.6686769127845764, 0.7684707641601562, 0.5770465135574341, 0.9969655275344849, 0.5598386526107788, 0.6463010907173157, 0.6907796859741211, 0.6600489020347595, 0.6696629524230957, 0.7012255191802979, 0.6681472659111023, 0.6048235893249512, 0.6262980699539185, 0.6909289360046387, 0.6638323664665222, 0.6456528902053833, 0.6950909495353699], [0.46958696842193604, 0.6765968799591064, 0.5763646960258484, 0.7679455280303955, 0.5598386526107788, 0.9983924031257629, 0.7440296411514282, 0.6360156536102295, 0.7234830856323242, 0.5962432622909546, 0.6903589367866516, 0.7031962871551514, 0.6799345016479492, 0.700831949710846, 0.7060860395431519, 0.7069191336631775, 0.6518531441688538, 0.6665765643119812], [0.5581298470497131, 0.8144350051879883, 0.7240356802940369, 0.8718913793563843, 0.6463010907173157, 0.7440296411514282, 1.0054523944854736, 0.7836588621139526, 0.7649116516113281, 0.7507990002632141, 0.8298048377037048, 0.8281127214431763, 0.8772230744361877, 0.7819818258285522, 0.8100312948226929, 0.8267611861228943, 0.7793270945549011, 0.820760190486908], [0.5440260171890259, 0.9514408707618713, 0.7304691076278687, 0.7436776757240295, 0.6907796859741211, 0.6360156536102295, 0.7836588621139526, 1.0011249780654907, 0.6539210081100464, 0.8064286708831787, 0.7683431506156921, 0.7516748309135437, 0.7452350854873657, 0.7184529304504395, 0.7162470817565918, 0.7446770668029785, 0.7400615811347961, 0.7960898280143738], [0.5214582681655884, 0.6910679340362549, 0.6776764392852783, 0.7543126344680786, 0.6600489020347595, 0.7234830856323242, 0.7649116516113281, 0.6539210081100464, 1.0058486461639404, 0.6632087826728821, 0.682894766330719, 0.7274411916732788, 0.7134994864463806, 0.7254496812820435, 0.7154471278190613, 0.6934673190116882, 0.6560114026069641, 0.735482394695282], [0.5387433767318726, 0.8078365325927734, 0.7350664138793945, 0.71491539478302, 0.6696629524230957, 0.5962432622909546, 0.7507990002632141, 0.8064286708831787, 0.6632087826728821, 0.9989637136459351, 0.7418631911277771, 0.7130895853042603, 0.7217378616333008, 0.6849194765090942, 0.6868091225624084, 0.7078984379768372, 0.7093686461448669, 0.7621005773544312], [0.5647398829460144, 0.797662079334259, 0.7157374024391174, 0.7924399375915527, 0.7012255191802979, 0.6903589367866516, 0.8298048377037048, 0.7683431506156921, 0.682894766330719, 0.7418631911277771, 1.0068825483322144, 0.7721968293190002, 0.7968194484710693, 0.7165412902832031, 0.8459811806678772, 0.8318063616752625, 0.7943829298019409, 0.7935819625854492], [0.5681299567222595, 0.7704855799674988, 0.7729274034500122, 0.7627068758010864, 0.6681472659111023, 0.7031962871551514, 0.8281127214431763, 0.7516748309135437, 0.7274412512779236, 0.7130895853042603, 0.7721968293190002, 1.0025790929794312, 0.7768478393554688, 0.8447397947311401, 0.7843025922775269, 0.7668330073356628, 0.7345581650733948, 0.8643466234207153], [0.5204774141311646, 0.8127755522727966, 0.6870642304420471, 0.790920078754425, 0.6048235893249512, 0.6799345016479492, 0.8772230744361877, 0.7452350854873657, 0.7134994864463806, 0.7217378616333008, 0.7968194484710693, 0.7768478393554688, 0.9942055940628052, 0.8130245804786682, 0.7340987920761108, 0.7841783165931702, 0.726298451423645, 0.7895779609680176], [0.5482993721961975, 0.7880065441131592, 0.6745463609695435, 0.7629408240318298, 0.6262980699539185, 0.700831949710846, 0.7819819450378418, 0.7184529304504395, 0.7254496812820435, 0.6849194765090942, 0.7165412902832031, 0.8447398543357849, 0.8130245804786682, 1.0011894702911377, 0.7144676446914673, 0.704425573348999, 0.7019765973091125, 0.8142879009246826], [0.5478005409240723, 0.7361779808998108, 0.7050497531890869, 0.7901796102523804, 0.6909289360046387, 0.7060860395431519, 0.8100312948226929, 0.7162470817565918, 0.7154471278190613, 0.6868091225624084, 0.8459811806678772, 0.7843025922775269, 0.7340987920761108, 0.7144676446914673, 1.0050151348114014, 0.7928166389465332, 0.7297930121421814, 0.7926501631736755], [0.5235110521316528, 0.7529650926589966, 0.6838297247886658, 0.7665765285491943, 0.6638323664665222, 0.7069191336631775, 0.8267611861228943, 0.7446770668029785, 0.6934673190116882, 0.7078984379768372, 0.8318063020706177, 0.7668330073356628, 0.7841783165931702, 0.704425573348999, 0.7928166389465332, 1.0040574073791504, 0.7542251944541931, 0.7585141062736511], [0.5581332445144653, 0.7646417021751404, 0.7009538412094116, 0.7416678071022034, 0.6456529498100281, 0.6518531441688538, 0.7793271541595459, 0.7400616407394409, 0.6560114026069641, 0.7093685865402222, 0.7943829298019409, 0.7345581650733948, 0.726298451423645, 0.701976478099823, 0.7297930717468262, 0.7542251944541931, 0.992845892906189, 0.7365185022354126], [0.6200320720672607, 0.8142822980880737, 0.802561342716217, 0.754791259765625, 0.6950910687446594, 0.6665765047073364, 0.820760190486908, 0.796089768409729, 0.7354823350906372, 0.7621006965637207, 0.7935819625854492, 0.8643466830253601, 0.7895779609680176, 0.8142879009246826, 0.792650043964386, 0.7585141658782959, 0.7365185022354126, 0.99321049451828]]}
