{"idx": 0, "question": "Tell me a story in five sentences about a girl and her dog.", "score": [[0.9958088994026184, 0.7996056079864502, 0.7862197160720825, 0.879109799861908, 0.7922830581665039, 0.882546067237854, 0.7730342149734497, 0.8712782263755798, 0.8522853851318359, 0.852814257144928, 0.8303791880607605, 0.7976299524307251, 0.8592262268066406, 0.8709807991981506, 0.8237389326095581, 0.8253016471862793, 0.8821892738342285, 0.790835976600647, 0.8724151253700256, 0.8092495203018188], [0.7996056079864502, 0.9953181147575378, 0.7601156830787659, 0.6926871538162231, 0.6706305742263794, 0.6856921911239624, 0.8169733285903931, 0.7813830971717834, 0.7236683368682861, 0.7693312764167786, 0.7671628594398499, 0.7498651146888733, 0.7733609080314636, 0.7521142959594727, 0.7313565611839294, 0.7718629837036133, 0.7101248502731323, 0.7719582915306091, 0.7035880088806152, 0.7031245231628418], [0.7862197160720825, 0.7601156830787659, 1.004295825958252, 0.7578765153884888, 0.7749306559562683, 0.789919376373291, 0.7455419898033142, 0.82686448097229, 0.8088894486427307, 0.8668897747993469, 0.7943647503852844, 0.8999133706092834, 0.8529056906700134, 0.8234466910362244, 0.8743799328804016, 0.8106284141540527, 0.7774449586868286, 0.7569735050201416, 0.7569795846939087, 0.8035427331924438], [0.879109799861908, 0.6926871538162231, 0.7578765153884888, 0.9961696267127991, 0.842002272605896, 0.8994515538215637, 0.7200818061828613, 0.8329557776451111, 0.8695030212402344, 0.8176752328872681, 0.8196165561676025, 0.7845085263252258, 0.8457534909248352, 0.8531808853149414, 0.7841715812683105, 0.799244225025177, 0.8367969393730164, 0.7509629726409912, 0.8782204389572144, 0.8135773539543152], [0.7922830581665039, 0.6706305742263794, 0.7749306559562683, 0.8420022130012512, 0.9956809878349304, 0.8119955658912659, 0.6780686974525452, 0.8592296838760376, 0.8257075548171997, 0.8364077210426331, 0.7829514145851135, 0.7815135717391968, 0.8453897833824158, 0.7945232391357422, 0.8491653203964233, 0.8327230215072632, 0.8087463974952698, 0.6961386799812317, 0.7915946245193481, 0.7578880190849304], [0.882546067237854, 0.6856921911239624, 0.789919376373291, 0.8994515538215637, 0.8119955658912659, 1.0069140195846558, 0.7437892556190491, 0.8471623659133911, 0.8844538331031799, 0.8324539065361023, 0.8249240517616272, 0.8319672346115112, 0.8632621169090271, 0.881449282169342, 0.8195995688438416, 0.829697847366333, 0.8647013902664185, 0.7649569511413574, 0.8897956609725952, 0.8352575302124023], [0.7730342149734497, 0.8169733285903931, 0.7455419898033142, 0.7200818061828613, 0.6780686974525452, 0.7437892556190491, 1.0039770603179932, 0.7584868669509888, 0.7446534633636475, 0.7348030805587769, 0.7840854525566101, 0.739768385887146, 0.7404448390007019, 0.7933236956596375, 0.7286478877067566, 0.7537297606468201, 0.6986516714096069, 0.7809000611305237, 0.7334989905357361, 0.6712293028831482], [0.8712782263755798, 0.7813830971717834, 0.82686448097229, 0.8329557776451111, 0.8592296838760376, 0.8471623659133911, 0.7584868669509888, 0.9964953660964966, 0.8561036586761475, 0.9471043348312378, 0.8220351934432983, 0.8179409503936768, 0.9225168228149414, 0.8491426706314087, 0.8725963830947876, 0.8664325475692749, 0.8343760371208191, 0.7782023549079895, 0.8110881447792053, 0.8136290311813354], [0.8522853851318359, 0.7236683368682861, 0.8088894486427307, 0.8695030212402344, 0.8257075548171997, 0.8844538331031799, 0.7446534633636475, 0.8561036586761475, 0.9961920976638794, 0.8638491630554199, 0.8068624138832092, 0.8443990349769592, 0.8754473328590393, 0.8510835766792297, 0.8520472049713135, 0.8459703326225281, 0.8256635069847107, 0.753328800201416, 0.9086769819259644, 0.7930025458335876], [0.8528143167495728, 0.7693312764167786, 0.8668897747993469, 0.8176752328872681, 0.8364077210426331, 0.8324539065361023, 0.7348030805587769, 0.9471043348312378, 0.8638491630554199, 1.003918170928955, 0.7732944488525391, 0.85385662317276, 0.9281915426254272, 0.8309045433998108, 0.8946844339370728, 0.8255437016487122, 0.821855902671814, 0.7889593839645386, 0.8334494233131409, 0.8209640979766846], [0.8303791880607605, 0.7671628594398499, 0.7943647503852844, 0.8196165561676025, 0.7829514145851135, 0.8249240517616272, 0.7840854525566101, 0.8220351934432983, 0.8068624138832092, 0.7732944488525391, 1.0064224004745483, 0.8246654868125916, 0.8095400929450989, 0.8747261166572571, 0.7540582418441772, 0.8420813679695129, 0.8281776309013367, 0.7786046266555786, 0.7802728414535522, 0.7582101225852966], [0.7976299524307251, 0.7498651146888733, 0.8999133706092834, 0.7845085263252258, 0.7815135717391968, 0.8319672346115112, 0.739768385887146, 0.8179409503936768, 0.8443990349769592, 0.8538565635681152, 0.8246654868125916, 0.9983888864517212, 0.8622599244117737, 0.8814689517021179, 0.8537382483482361, 0.8600375652313232, 0.8185135126113892, 0.7799735069274902, 0.8075802326202393, 0.8310020565986633], [0.8592262864112854, 0.7733609080314636, 0.8529056906700134, 0.8457534909248352, 0.8453897833824158, 0.8632621169090271, 0.7404448390007019, 0.9225168228149414, 0.8754473328590393, 0.9281915426254272, 0.8095400929450989, 0.8622599244117737, 1.0062580108642578, 0.836137056350708, 0.9007879495620728, 0.8523554801940918, 0.8593258261680603, 0.7906616926193237, 0.8492723703384399, 0.8344292044639587], [0.8709807991981506, 0.7521142959594727, 0.8234466910362244, 0.8531808853149414, 0.7945232391357422, 0.881449282169342, 0.7933236956596375, 0.8491426706314087, 0.8510835766792297, 0.8309045433998108, 0.8747261166572571, 0.8814689517021179, 0.836137056350708, 1.003286600112915, 0.8154191374778748, 0.8536204695701599, 0.8418865203857422, 0.8287274837493896, 0.8362534046173096, 0.8080781698226929], [0.8237389326095581, 0.7313565611839294, 0.8743799328804016, 0.7841716408729553, 0.8491653203964233, 0.8195995688438416, 0.7286478877067566, 0.8725963830947876, 0.8520472049713135, 0.8946844339370728, 0.7540582418441772, 0.8537382483482361, 0.9007879495620728, 0.8154191970825195, 0.9929384589195251, 0.8211480379104614, 0.8343378901481628, 0.7502150535583496, 0.8272228240966797, 0.7935765385627747], [0.8253016471862793, 0.7718629837036133, 0.810628354549408, 0.799244225025177, 0.8327230215072632, 0.829697847366333, 0.7537297606468201, 0.8664325475692749, 0.8459703326225281, 0.8255437016487122, 0.8420813679695129, 0.8600375652313232, 0.8523554801940918, 0.8536204695701599, 0.8211480379104614, 1.004734992980957, 0.8408243060112, 0.7639247179031372, 0.8061227202415466, 0.7882318496704102], [0.8821892738342285, 0.7101248502731323, 0.7774449586868286, 0.8367969393730164, 0.8087464570999146, 0.8647013902664185, 0.6986516714096069, 0.8343760371208191, 0.8256635069847107, 0.821855902671814, 0.8281776309013367, 0.8185135126113892, 0.8593258857727051, 0.8418865203857422, 0.8343378901481628, 0.8408243060112, 0.993048906326294, 0.752618134021759, 0.8405196666717529, 0.8109076023101807], [0.790835976600647, 0.7719582915306091, 0.7569735050201416, 0.7509629726409912, 0.6961386799812317, 0.7649569511413574, 0.7809000611305237, 0.7782023549079895, 0.753328800201416, 0.7889593839645386, 0.7786046266555786, 0.7799735069274902, 0.7906616926193237, 0.8287274837493896, 0.7502149343490601, 0.7639247179031372, 0.752618134021759, 0.9999041557312012, 0.7984067797660828, 0.7203717827796936], [0.8724151253700256, 0.7035880088806152, 0.7569795846939087, 0.8782204389572144, 0.7915946245193481, 0.8897956609725952, 0.7334989905357361, 0.8110881447792053, 0.9086769819259644, 0.8334494233131409, 0.7802728414535522, 0.807580292224884, 0.8492722511291504, 0.8362534046173096, 0.8272227644920349, 0.8061227202415466, 0.8405196666717529, 0.7984067797660828, 1.0046635866165161, 0.779141902923584], [0.8092495203018188, 0.7031245231628418, 0.8035427331924438, 0.8135773539543152, 0.7578880190849304, 0.8352575302124023, 0.6712293028831482, 0.8136290311813354, 0.7930025458335876, 0.8209640979766846, 0.7582101821899414, 0.8310020565986633, 0.8344292044639587, 0.8080781698226929, 0.7935765385627747, 0.7882317900657654, 0.8109076023101807, 0.7203717827796936, 0.7791419625282288, 0.9971697926521301]]}
{"idx": 1, "question": "Tell me a story in five sentences about a boy and his dog.", "score": [[0.9930431842803955, 0.7891212701797485, 0.8785107731819153, 0.7756893634796143, 0.7969064712524414, 0.9088324904441833, 0.8547421097755432, 0.7488796710968018, 0.7913600206375122, 0.7958157062530518, 0.7531250715255737, 0.7772724032402039, 0.887675404548645, 0.862095296382904, 0.8414447903633118, 0.7330037951469421, 0.8104565143585205, 0.8466715812683105, 0.7848403453826904, 0.769898533821106], [0.7891212701797485, 0.9954366683959961, 0.8783677220344543, 0.7524793744087219, 0.8625376224517822, 0.7992316484451294, 0.8730311989784241, 0.7895620465278625, 0.8487791419029236, 0.8380782008171082, 0.8418803215026855, 0.8206751346588135, 0.8205935955047607, 0.8471326231956482, 0.8290812373161316, 0.8439028263092041, 0.7651289701461792, 0.8452887535095215, 0.8286042809486389, 0.7989385724067688], [0.8785107731819153, 0.8783677220344543, 0.9945753812789917, 0.76470947265625, 0.8519324660301208, 0.8630739450454712, 0.894091784954071, 0.8136017322540283, 0.8662938475608826, 0.841342031955719, 0.8337151408195496, 0.8181064128875732, 0.8561403751373291, 0.8904401063919067, 0.8510540723800659, 0.8072792887687683, 0.7765709161758423, 0.882668137550354, 0.8758459687232971, 0.8370056748390198], [0.7756893634796143, 0.7524793744087219, 0.76470947265625, 0.9955065250396729, 0.755313515663147, 0.7517712712287903, 0.7882407307624817, 0.703657865524292, 0.8163139820098877, 0.8547652959823608, 0.7323023080825806, 0.7437331676483154, 0.8367539644241333, 0.7902448177337646, 0.8316988348960876, 0.7231100797653198, 0.7540493011474609, 0.8181617856025696, 0.7475780844688416, 0.7129891514778137], [0.7969064712524414, 0.8625376224517822, 0.8519324660301208, 0.755313515663147, 1.0067734718322754, 0.8075309991836548, 0.8636773228645325, 0.7265669107437134, 0.8953927755355835, 0.8365141153335571, 0.8927328586578369, 0.8893496990203857, 0.7867684364318848, 0.8556283116340637, 0.8145666122436523, 0.8386133313179016, 0.8852654695510864, 0.8416408896446228, 0.7635359764099121, 0.7238327264785767], [0.9088324904441833, 0.7992316484451294, 0.8630739450454712, 0.7517712712287903, 0.8075309991836548, 1.001050353050232, 0.8222039937973022, 0.7319599390029907, 0.7882535457611084, 0.7862182855606079, 0.7343801259994507, 0.7917670607566833, 0.8704177737236023, 0.7965483665466309, 0.7866314053535461, 0.7326942682266235, 0.8358614444732666, 0.820542573928833, 0.7674493789672852, 0.76287841796875], [0.8547421097755432, 0.8730311989784241, 0.894091784954071, 0.7882407307624817, 0.8636773228645325, 0.8222039937973022, 0.9951480627059937, 0.8304523229598999, 0.8884558081626892, 0.8536204099655151, 0.855251669883728, 0.8314350843429565, 0.8620483875274658, 0.8605467081069946, 0.8635932803153992, 0.8192000985145569, 0.7818366289138794, 0.8816721439361572, 0.8752760887145996, 0.8448291420936584], [0.7488796710968018, 0.7895621061325073, 0.8136017322540283, 0.703657865524292, 0.7265669107437134, 0.7319599390029907, 0.8304523229598999, 0.9994017481803894, 0.7581714391708374, 0.7695046663284302, 0.7183535695075989, 0.6743220090866089, 0.772729754447937, 0.7762162685394287, 0.8058425188064575, 0.7080508470535278, 0.6599695682525635, 0.8120213150978088, 0.8168284296989441, 0.8098394870758057], [0.7913600206375122, 0.8487791419029236, 0.8662938475608826, 0.8163139820098877, 0.8953927755355835, 0.7882535457611084, 0.8884557485580444, 0.7581714391708374, 1.0055971145629883, 0.8857915997505188, 0.9184930920600891, 0.867574155330658, 0.8281055688858032, 0.8696356415748596, 0.8972663879394531, 0.8738134503364563, 0.820801854133606, 0.9307417869567871, 0.8806494474411011, 0.8300584554672241], [0.7958157062530518, 0.8380782008171082, 0.841342031955719, 0.8547652363777161, 0.8365141153335571, 0.7862184047698975, 0.8536204099655151, 0.7695046663284302, 0.8857915997505188, 1.0007075071334839, 0.8430869579315186, 0.8024210333824158, 0.8605961799621582, 0.8640966415405273, 0.8689672350883484, 0.7996314167976379, 0.7980414032936096, 0.8747907280921936, 0.8119179606437683, 0.771112322807312], [0.7531250715255737, 0.8418803215026855, 0.8337151408195496, 0.7323023080825806, 0.8927328586578369, 0.7343801259994507, 0.855251669883728, 0.7183535695075989, 0.9184930920600891, 0.8430869579315186, 0.9986929297447205, 0.8646310567855835, 0.7754037380218506, 0.8409236073493958, 0.8031331896781921, 0.8620411157608032, 0.7930765151977539, 0.8356592059135437, 0.7912113070487976, 0.7444422245025635], [0.7772724032402039, 0.8206751346588135, 0.8181064128875732, 0.7437331676483154, 0.8893496990203857, 0.7917670607566833, 0.8314350843429565, 0.6743220090866089, 0.867574155330658, 0.8024210333824158, 0.8646310567855835, 0.9973610639572144, 0.7729223966598511, 0.8306806087493896, 0.7757647037506104, 0.8804316520690918, 0.8416097164154053, 0.7817480564117432, 0.7257195115089417, 0.6815056800842285], [0.887675404548645, 0.8205935955047607, 0.8561403751373291, 0.8367539644241333, 0.7867684364318848, 0.8704177737236023, 0.8620483875274658, 0.772729754447937, 0.8281055688858032, 0.8605961799621582, 0.7754037380218506, 0.7729223966598511, 1.0024529695510864, 0.8446342945098877, 0.9069638848304749, 0.7674091458320618, 0.8100234866142273, 0.8990869522094727, 0.8072624206542969, 0.7785978317260742], [0.862095296382904, 0.8471326231956482, 0.8904401063919067, 0.7902448177337646, 0.8556283116340637, 0.7965483665466309, 0.8605467081069946, 0.7762162685394287, 0.8696356415748596, 0.8640966415405273, 0.8409236669540405, 0.8306806087493896, 0.8446342945098877, 1.0055334568023682, 0.8760828375816345, 0.8056501746177673, 0.820146381855011, 0.8764477968215942, 0.8145216107368469, 0.7600448727607727], [0.8414447903633118, 0.8290812373161316, 0.8510539531707764, 0.8316988348960876, 0.8145666122436523, 0.7866314053535461, 0.8635932803153992, 0.8058425188064575, 0.8972663879394531, 0.8689672350883484, 0.8031332492828369, 0.7757646441459656, 0.9069638848304749, 0.8760828375816345, 1.0038583278656006, 0.8067746162414551, 0.7790238261222839, 0.9488099813461304, 0.8544935584068298, 0.8087545037269592], [0.7330037951469421, 0.8439028263092041, 0.8072794079780579, 0.7231100797653198, 0.8386133313179016, 0.7326942682266235, 0.8192000985145569, 0.7080508470535278, 0.8738134503364563, 0.7996314167976379, 0.8620411157608032, 0.8804316520690918, 0.7674091458320618, 0.8056501746177673, 0.8067746162414551, 0.9975526332855225, 0.763599157333374, 0.8016469478607178, 0.777859628200531, 0.7207041382789612], [0.8104565143585205, 0.7651289701461792, 0.7765709161758423, 0.7540493011474609, 0.8852654695510864, 0.8358614444732666, 0.7818366289138794, 0.6599695682525635, 0.820801854133606, 0.7980414032936096, 0.7930765151977539, 0.8416097164154053, 0.8100234866142273, 0.820146381855011, 0.7790238261222839, 0.763599157333374, 1.0032929182052612, 0.8039299249649048, 0.6909292340278625, 0.6457107067108154], [0.846671462059021, 0.8452887535095215, 0.882668137550354, 0.8181617856025696, 0.8416408896446228, 0.820542573928833, 0.8816721439361572, 0.8120213150978088, 0.9307417273521423, 0.8747907280921936, 0.8356592059135437, 0.7817480564117432, 0.8990869522094727, 0.8764477968215942, 0.9488099217414856, 0.8016469478607178, 0.8039299249649048, 0.9959381222724915, 0.9105371236801147, 0.8743394613265991], [0.7848403453826904, 0.8286042809486389, 0.8758459687232971, 0.7475780844688416, 0.7635359764099121, 0.7674493789672852, 0.8752760887145996, 0.8168283700942993, 0.8806494474411011, 0.8119179606437683, 0.7912113666534424, 0.7257195115089417, 0.8072624206542969, 0.8145216107368469, 0.8544935584068298, 0.7778596878051758, 0.6909292340278625, 0.9105371236801147, 0.9964652061462402, 0.9435961246490479], [0.769898533821106, 0.7989385724067688, 0.8370056748390198, 0.7129892110824585, 0.7238327264785767, 0.76287841796875, 0.844829261302948, 0.8098394870758057, 0.8300584554672241, 0.771112322807312, 0.7444421052932739, 0.6815056800842285, 0.7785978317260742, 0.7600448727607727, 0.8087545037269592, 0.7207041382789612, 0.6457107067108154, 0.8743394613265991, 0.9435961246490479, 0.9961036443710327]]}
{"idx": 2, "question": "Tell me the plot line in 5 sentences for a romcom movie set in rural Kansas for Easter.", "score": [[1.0033013820648193, 0.8787603974342346, 0.867419421672821, 0.8478649854660034, 0.7880481481552124, 0.831951379776001, 0.8007173538208008, 0.8302634358406067, 0.8017106652259827, 0.8225054144859314, 0.8544110655784607, 0.7374619245529175, 0.8258136510848999, 0.8189964890480042, 0.8841985464096069, 0.6847294569015503, 0.8804782032966614, 0.7849265933036804, 0.8251192569732666, 0.8269164562225342], [0.8787603974342346, 0.9955945611000061, 0.828964352607727, 0.8268945813179016, 0.8624796867370605, 0.8634082078933716, 0.8303800821304321, 0.8226260542869568, 0.8326032161712646, 0.8194674253463745, 0.882022500038147, 0.720526397228241, 0.8136516213417053, 0.8071794509887695, 0.8721510171890259, 0.7288684248924255, 0.8850029110908508, 0.8282749056816101, 0.8551260232925415, 0.8411248922348022], [0.867419421672821, 0.8289644122123718, 1.0018142461776733, 0.889070987701416, 0.8348418474197388, 0.8623927235603333, 0.8541422486305237, 0.8429115414619446, 0.8767178058624268, 0.854509711265564, 0.8576502799987793, 0.7752965688705444, 0.8451519012451172, 0.8293361663818359, 0.8674585223197937, 0.7945516705513, 0.8458898663520813, 0.8126575946807861, 0.8259750604629517, 0.8620648384094238], [0.8478649854660034, 0.8268945813179016, 0.889070987701416, 1.0062921047210693, 0.8092030882835388, 0.8624746203422546, 0.8278802633285522, 0.8709294199943542, 0.8272358775138855, 0.8597193956375122, 0.8989303112030029, 0.7762712240219116, 0.840078592300415, 0.8529444932937622, 0.8923564553260803, 0.7693507075309753, 0.8603571057319641, 0.7816131711006165, 0.8529027700424194, 0.8410849571228027], [0.7880481481552124, 0.8624796867370605, 0.8348417282104492, 0.8092030882835388, 0.9931326508522034, 0.8444388508796692, 0.7753268480300903, 0.7691342830657959, 0.8984267711639404, 0.7961387634277344, 0.8316117525100708, 0.7260517477989197, 0.8051483035087585, 0.7862147688865662, 0.784192681312561, 0.7461341619491577, 0.8168271780014038, 0.8017027378082275, 0.7949651479721069, 0.8199290037155151], [0.831951379776001, 0.8634082078933716, 0.8623927235603333, 0.8624746203422546, 0.8444388508796692, 1.0055444240570068, 0.844693124294281, 0.8615204691886902, 0.8533231616020203, 0.8643305897712708, 0.870560348033905, 0.7620331048965454, 0.8329191207885742, 0.8131529092788696, 0.8810296058654785, 0.776583731174469, 0.8928598761558533, 0.8173234462738037, 0.8706588745117188, 0.8587467670440674], [0.8007173538208008, 0.8303800821304321, 0.8541421890258789, 0.8278802633285522, 0.7753267288208008, 0.844693124294281, 1.002659559249878, 0.8346728682518005, 0.7786509990692139, 0.8253136873245239, 0.8524739146232605, 0.7479699850082397, 0.7806220054626465, 0.8602920770645142, 0.8869239687919617, 0.7889719009399414, 0.8221209049224854, 0.7632038593292236, 0.8505153656005859, 0.8380980491638184], [0.8302634358406067, 0.8226260542869568, 0.8429115414619446, 0.8709294199943542, 0.7691342830657959, 0.8615204691886902, 0.8346729278564453, 1.0025956630706787, 0.7635679244995117, 0.8336551785469055, 0.8648277521133423, 0.8186156749725342, 0.8665778040885925, 0.7905125617980957, 0.8369563817977905, 0.7578733563423157, 0.9002020359039307, 0.733027994632721, 0.8473189473152161, 0.8547047972679138], [0.8017106652259827, 0.8326032161712646, 0.8767178058624268, 0.8272358775138855, 0.8984267711639404, 0.8533231616020203, 0.7786509990692139, 0.7635679244995117, 0.9952244162559509, 0.843437135219574, 0.8410254716873169, 0.6895173192024231, 0.7639672160148621, 0.7931002974510193, 0.794606626033783, 0.7325012683868408, 0.8134945034980774, 0.8480786681175232, 0.8060092926025391, 0.81719571352005], [0.8225054144859314, 0.8194674253463745, 0.854509711265564, 0.8597192764282227, 0.7961387634277344, 0.8643305897712708, 0.8253136873245239, 0.8336551785469055, 0.8434372544288635, 1.0001122951507568, 0.8738162517547607, 0.7354533076286316, 0.7689671516418457, 0.7988044619560242, 0.8304359912872314, 0.736257791519165, 0.8367745876312256, 0.8470512628555298, 0.8180801868438721, 0.7966835498809814], [0.8544110655784607, 0.882022500038147, 0.8576502799987793, 0.8989303112030029, 0.8316117525100708, 0.870560348033905, 0.8524739146232605, 0.8648277521133423, 0.8410254716873169, 0.8738162517547607, 1.0016762018203735, 0.7381827235221863, 0.8013237118721008, 0.8364200592041016, 0.8971437215805054, 0.7593994140625, 0.8841592073440552, 0.8285558223724365, 0.8831703066825867, 0.8432117104530334], [0.7374619245529175, 0.720526397228241, 0.7752965688705444, 0.7762713432312012, 0.7260517477989197, 0.7620331048965454, 0.7479699850082397, 0.8186156749725342, 0.6895173788070679, 0.7354533076286316, 0.7381827235221863, 0.9928927421569824, 0.8266749978065491, 0.6762775778770447, 0.7446474432945251, 0.8297643065452576, 0.8056414723396301, 0.6319562792778015, 0.705003559589386, 0.7604458332061768], [0.8258136510848999, 0.8136515617370605, 0.8451519012451172, 0.840078592300415, 0.8051483035087585, 0.8329191207885742, 0.7806220054626465, 0.8665778040885925, 0.7639672160148621, 0.7689670920372009, 0.8013237118721008, 0.8266749978065491, 1.0026545524597168, 0.7533094882965088, 0.819510281085968, 0.79021155834198, 0.8568483591079712, 0.731999397277832, 0.776339590549469, 0.8323474526405334], [0.8189964890480042, 0.8071794509887695, 0.8293361663818359, 0.8529444932937622, 0.7862147688865662, 0.8131529092788696, 0.8602920770645142, 0.7905125617980957, 0.7931002974510193, 0.7988044619560242, 0.8364200592041016, 0.6762775778770447, 0.7533094882965088, 0.9934450387954712, 0.8851481676101685, 0.702583909034729, 0.8262800574302673, 0.7963367700576782, 0.8693867325782776, 0.7927868366241455], [0.8841985464096069, 0.8721510171890259, 0.8674585223197937, 0.8923564553260803, 0.784192681312561, 0.8810296058654785, 0.8869239687919617, 0.8369563817977905, 0.794606626033783, 0.8304359912872314, 0.8971437215805054, 0.7446474432945251, 0.8195102214813232, 0.8851481676101685, 1.0044786930084229, 0.7705345749855042, 0.8823639750480652, 0.8206194639205933, 0.92738938331604, 0.8289681077003479], [0.6847294569015503, 0.7288684248924255, 0.7945516705513, 0.7693507075309753, 0.7461341619491577, 0.776583731174469, 0.7889719009399414, 0.7578733563423157, 0.732501208782196, 0.736257791519165, 0.7593994140625, 0.8297643065452576, 0.79021155834198, 0.702583909034729, 0.7705345749855042, 1.0007646083831787, 0.7501577734947205, 0.6753690838813782, 0.7511117458343506, 0.7978992462158203], [0.8804782032966614, 0.8850029110908508, 0.8458898663520813, 0.8603571057319641, 0.8168271780014038, 0.8928598761558533, 0.8221209049224854, 0.9002020359039307, 0.8134945034980774, 0.8367745876312256, 0.8841592073440552, 0.8056414723396301, 0.8568483591079712, 0.8262800574302673, 0.8823639750480652, 0.7501577734947205, 1.0028542280197144, 0.8037382364273071, 0.8794661164283752, 0.842239260673523], [0.7849265933036804, 0.8282749056816101, 0.8126575946807861, 0.7816131114959717, 0.8017027378082275, 0.8173234462738037, 0.7632038593292236, 0.733027994632721, 0.8480786681175232, 0.8470512628555298, 0.8285558819770813, 0.6319562792778015, 0.731999397277832, 0.7963367700576782, 0.8206194639205933, 0.6753690838813782, 0.8037382364273071, 0.9928609728813171, 0.8214139342308044, 0.7645535469055176], [0.8251192569732666, 0.8551260232925415, 0.8259750604629517, 0.8529027700424194, 0.7949651479721069, 0.8706588745117188, 0.8505153656005859, 0.8473189473152161, 0.8060092926025391, 0.8180801868438721, 0.8831703066825867, 0.7050034999847412, 0.776339590549469, 0.8693867325782776, 0.92738938331604, 0.7511117458343506, 0.8794661164283752, 0.8214139342308044, 1.0037702322006226, 0.8289949297904968], [0.8269164562225342, 0.8411248922348022, 0.8620648384094238, 0.8410849571228027, 0.8199290037155151, 0.8587468266487122, 0.8380980491638184, 0.8547047972679138, 0.81719571352005, 0.7966835498809814, 0.8432117104530334, 0.7604458332061768, 0.8323474526405334, 0.7927868366241455, 0.8289681077003479, 0.7978992462158203, 0.8422393202781677, 0.7645535469055176, 0.828994870185852, 0.9952267408370972]]}
{"idx": 3, "question": "Write a haiku about a whale and a walnut tree.", "score": [[1.006851077079773, 0.9125123620033264, 0.9094411134719849, 0.8381660580635071, 0.891857385635376, 0.8879958391189575, 0.9427410960197449, 0.9396378993988037, 0.8102479577064514, 0.8659429550170898, 0.9546718001365662, 0.9213303923606873, 0.9285763502120972, 0.8658168911933899, 0.8132280707359314, 0.9400895237922668], [0.9125123620033264, 1.0041863918304443, 0.9071438312530518, 0.7646635174751282, 0.862654983997345, 0.8661450743675232, 0.8820781111717224, 0.8703325986862183, 0.7743377089500427, 0.8599650263786316, 0.8990544080734253, 0.8855615854263306, 0.9020964503288269, 0.863215446472168, 0.8207002282142639, 0.8942348957061768], [0.9094411134719849, 0.9071438312530518, 1.0003784894943237, 0.85234534740448, 0.9145639538764954, 0.9214357733726501, 0.9340857267379761, 0.9014630317687988, 0.8291327953338623, 0.9379175901412964, 0.9280020594596863, 0.9115157127380371, 0.8845010995864868, 0.8962706923484802, 0.8700236082077026, 0.8976390361785889], [0.8381660580635071, 0.7646635174751282, 0.85234534740448, 1.0003420114517212, 0.8602621555328369, 0.8651975989341736, 0.8633034229278564, 0.8566324710845947, 0.8045926094055176, 0.8652231097221375, 0.8558282852172852, 0.8348931670188904, 0.814516544342041, 0.8406065702438354, 0.8432950377464294, 0.8407433032989502], [0.891857385635376, 0.862654983997345, 0.9145639538764954, 0.8602621555328369, 0.9972479343414307, 0.896373450756073, 0.9320913553237915, 0.8881458640098572, 0.8617990016937256, 0.892952561378479, 0.9431787729263306, 0.9462554454803467, 0.9250004291534424, 0.9053052663803101, 0.8431165218353271, 0.9279807806015015], [0.8879958391189575, 0.8661450743675232, 0.9214357733726501, 0.8651975989341736, 0.8963735699653625, 0.9954112768173218, 0.9155274629592896, 0.9183024168014526, 0.7873263955116272, 0.8872524499893188, 0.9010844826698303, 0.9089476466178894, 0.864749550819397, 0.9270690083503723, 0.8255090713500977, 0.8776875734329224], [0.9427410960197449, 0.8820781111717224, 0.9340857267379761, 0.8633034229278564, 0.9320913553237915, 0.9155274629592896, 0.9969253540039062, 0.9159206748008728, 0.839931309223175, 0.9000110030174255, 0.956458330154419, 0.9286758899688721, 0.8927016258239746, 0.8917725086212158, 0.8393647074699402, 0.9110903739929199], [0.9396378993988037, 0.870332658290863, 0.9014630317687988, 0.8566324710845947, 0.8881458640098572, 0.9183024168014526, 0.9159207940101624, 0.9951198101043701, 0.786861777305603, 0.875502347946167, 0.9101654291152954, 0.928568959236145, 0.909796953201294, 0.8705860376358032, 0.8090440034866333, 0.9323785901069641], [0.8102479577064514, 0.7743377089500427, 0.8291327953338623, 0.8045926094055176, 0.8617990016937256, 0.7873263955116272, 0.839931309223175, 0.786861777305603, 1.0056030750274658, 0.8388228416442871, 0.8405597805976868, 0.8101340532302856, 0.7918350100517273, 0.8193696141242981, 0.8192152380943298, 0.8147937655448914], [0.8659429550170898, 0.8599650263786316, 0.9379175901412964, 0.8652231097221375, 0.892952561378479, 0.8872524499893188, 0.9000110030174255, 0.875502347946167, 0.8388228416442871, 0.9941324591636658, 0.9054953455924988, 0.8960789442062378, 0.8483222723007202, 0.8675609827041626, 0.8880080580711365, 0.8655559420585632], [0.9546718001365662, 0.8990544080734253, 0.9280020594596863, 0.8558282852172852, 0.9431787729263306, 0.9010844826698303, 0.956458330154419, 0.9101654291152954, 0.8405597805976868, 0.9054953455924988, 1.0050780773162842, 0.9405435919761658, 0.9254996180534363, 0.8883431553840637, 0.8549227714538574, 0.923595666885376], [0.9213303923606873, 0.8855615854263306, 0.9115157127380371, 0.8348931670188904, 0.9462555050849915, 0.9089476466178894, 0.9286758899688721, 0.928568959236145, 0.8101340532302856, 0.8960789442062378, 0.9405435919761658, 1.0031753778457642, 0.9306835532188416, 0.9129721522331238, 0.8076472878456116, 0.9330136775970459], [0.9285763502120972, 0.9020964503288269, 0.8845010995864868, 0.814516544342041, 0.9250004291534424, 0.864749550819397, 0.8927016258239746, 0.909796953201294, 0.7918350100517273, 0.8483222723007202, 0.9254996180534363, 0.9306835532188416, 0.9988096356391907, 0.8498656153678894, 0.7959970831871033, 0.9443118572235107], [0.8658168911933899, 0.863215446472168, 0.8962706923484802, 0.8406065702438354, 0.9053053855895996, 0.9270690083503723, 0.8917725086212158, 0.8705860376358032, 0.8193696141242981, 0.8675609827041626, 0.8883431553840637, 0.9129721522331238, 0.8498656153678894, 0.9945894479751587, 0.8115183711051941, 0.8727520704269409], [0.8132280707359314, 0.8207001090049744, 0.8700236082077026, 0.8432950377464294, 0.8431165218353271, 0.8255090713500977, 0.8393647074699402, 0.8090439438819885, 0.8192152380943298, 0.8880080580711365, 0.8549227714538574, 0.8076472878456116, 0.7959970831871033, 0.8115183711051941, 0.9933229088783264, 0.8067487478256226], [0.9400895237922668, 0.8942348957061768, 0.8976390361785889, 0.8407433032989502, 0.9279807806015015, 0.8776875138282776, 0.9110903739929199, 0.9323785901069641, 0.8147937655448914, 0.8655559420585632, 0.923595666885376, 0.9330136775970459, 0.9443117380142212, 0.8727520704269409, 0.8067487478256226, 1.0033351182937622]]}
{"idx": 4, "question": "Write a short love poem with 4 lines.", "score": [[0.9941078424453735, 0.8105006217956543, 0.8946821093559265, 0.7885110378265381, 0.7488662004470825, 0.8337306976318359, 0.8701592683792114, 0.7622392177581787, 0.7717123031616211, 0.8209563493728638, 0.8617291450500488, 0.8171082139015198, 0.7932493686676025, 0.7550453543663025, 0.8358141779899597, 0.8312444090843201, 0.8042659759521484, 0.8254556059837341, 0.8287873268127441], [0.8105006217956543, 1.0004652738571167, 0.7944545149803162, 0.818336009979248, 0.725034773349762, 0.8019639253616333, 0.8184781670570374, 0.8043431043624878, 0.7983666062355042, 0.7675684690475464, 0.8220692276954651, 0.8380371332168579, 0.7715948224067688, 0.7876294255256653, 0.7959253787994385, 0.764944314956665, 0.7784032821655273, 0.8127310276031494, 0.8110331296920776], [0.8946821093559265, 0.7944545149803162, 0.9995794296264648, 0.7744300961494446, 0.7256805896759033, 0.8353301286697388, 0.9039047956466675, 0.7408367395401001, 0.7705798745155334, 0.8075076341629028, 0.7996328473091125, 0.84388667345047, 0.7688449621200562, 0.7897221446037292, 0.77848881483078, 0.8296708464622498, 0.7723678350448608, 0.7921769022941589, 0.8527555465698242], [0.7885109782218933, 0.818336009979248, 0.7744300961494446, 0.9933854341506958, 0.7498202919960022, 0.8148292303085327, 0.8028537631034851, 0.7730681300163269, 0.7875613570213318, 0.8027412295341492, 0.7998581528663635, 0.822377622127533, 0.8300405144691467, 0.8004009127616882, 0.8412681221961975, 0.7879768013954163, 0.817436933517456, 0.7878931164741516, 0.804265558719635], [0.7488662004470825, 0.725034773349762, 0.7256805896759033, 0.7498202919960022, 0.9946517944335938, 0.7824143767356873, 0.7621965408325195, 0.8340489864349365, 0.7488299012184143, 0.7969003915786743, 0.7399595379829407, 0.7453485131263733, 0.775056779384613, 0.7285699248313904, 0.727058470249176, 0.7204650044441223, 0.7591346502304077, 0.7163796424865723, 0.8275188207626343], [0.8337306976318359, 0.8019639253616333, 0.8353301286697388, 0.8148292303085327, 0.7824143767356873, 1.0041933059692383, 0.8682806491851807, 0.7895031571388245, 0.7822958827018738, 0.83132404088974, 0.8356980085372925, 0.8753737211227417, 0.8050054311752319, 0.7888669371604919, 0.78944331407547, 0.8444653153419495, 0.8205952644348145, 0.8380858898162842, 0.8562110066413879], [0.8701592683792114, 0.8184781670570374, 0.9039047956466675, 0.8028537631034851, 0.7621965408325195, 0.8682806491851807, 0.9994375705718994, 0.7674387097358704, 0.7834228873252869, 0.8268113732337952, 0.8344871997833252, 0.8913629055023193, 0.8113100528717041, 0.8198410272598267, 0.8026150465011597, 0.835341215133667, 0.8416064381599426, 0.8350955247879028, 0.8888293504714966], [0.7622392177581787, 0.8043431043624878, 0.7408367395401001, 0.7730681300163269, 0.8340489864349365, 0.7895031571388245, 0.7674387693405151, 0.9981285333633423, 0.802665114402771, 0.7918024659156799, 0.767674446105957, 0.7930005788803101, 0.7919671535491943, 0.7131252884864807, 0.7446532249450684, 0.7418605089187622, 0.7228206992149353, 0.7345951795578003, 0.7715476751327515], [0.7717123031616211, 0.7983666062355042, 0.7705798745155334, 0.7875613570213318, 0.7488300204277039, 0.7822960019111633, 0.7834228873252869, 0.802665114402771, 0.9977505207061768, 0.7875577211380005, 0.8004633188247681, 0.77359539270401, 0.8034353852272034, 0.7534250617027283, 0.7860172390937805, 0.7674293518066406, 0.7503593564033508, 0.8335394859313965, 0.7755556702613831], [0.8209563493728638, 0.7675684690475464, 0.8075076341629028, 0.802741289138794, 0.7969003915786743, 0.8313239812850952, 0.8268113732337952, 0.7918024659156799, 0.7875577211380005, 0.9961943626403809, 0.8261545300483704, 0.7758105397224426, 0.84038907289505, 0.7667402029037476, 0.7874240875244141, 0.7830244302749634, 0.8164978623390198, 0.7868173122406006, 0.840665340423584], [0.8617291450500488, 0.8220692276954651, 0.7996328473091125, 0.7998581528663635, 0.7399595379829407, 0.8356980085372925, 0.8344871997833252, 0.767674446105957, 0.8004633188247681, 0.8261545300483704, 1.0018800497055054, 0.8269480466842651, 0.7993614673614502, 0.8059544563293457, 0.8603648543357849, 0.7848637700080872, 0.8096886873245239, 0.8932090997695923, 0.8052039742469788], [0.8171082139015198, 0.8380371332168579, 0.84388667345047, 0.822377622127533, 0.7453485131263733, 0.8753737211227417, 0.8913629055023193, 0.7930006384849548, 0.77359539270401, 0.7758105397224426, 0.8269480466842651, 1.0013785362243652, 0.7926557660102844, 0.8191885352134705, 0.7984628081321716, 0.8210453391075134, 0.8039348125457764, 0.8342680335044861, 0.8444634079933167], [0.7932493686676025, 0.7715948224067688, 0.7688449621200562, 0.8300405144691467, 0.775056779384613, 0.8050054311752319, 0.8113100528717041, 0.7919671535491943, 0.8034353852272034, 0.84038907289505, 0.7993614673614502, 0.7926557660102844, 0.9985580444335938, 0.7676682472229004, 0.7854400873184204, 0.7633153200149536, 0.8239503502845764, 0.7895033359527588, 0.8189127445220947], [0.7550453543663025, 0.7876294255256653, 0.7897221446037292, 0.8004009127616882, 0.7285699248313904, 0.7888669371604919, 0.8198410272598267, 0.7131252884864807, 0.7534250617027283, 0.7667402029037476, 0.8059544563293457, 0.8191885352134705, 0.7676682472229004, 1.0004246234893799, 0.7573833465576172, 0.7397944927215576, 0.8146016001701355, 0.8038011789321899, 0.8304040431976318], [0.8358141779899597, 0.7959253787994385, 0.7784889340400696, 0.8412681221961975, 0.727058470249176, 0.78944331407547, 0.8026150465011597, 0.7446532249450684, 0.7860172390937805, 0.7874240875244141, 0.8603648543357849, 0.7984628081321716, 0.7854400873184204, 0.7573833465576172, 0.9925907254219055, 0.7765555381774902, 0.7968886494636536, 0.828409731388092, 0.7756701707839966], [0.8312443494796753, 0.764944314956665, 0.8296708464622498, 0.7879768013954163, 0.7204650044441223, 0.8444653153419495, 0.835341215133667, 0.7418605089187622, 0.7674292922019958, 0.7830244302749634, 0.7848637700080872, 0.8210453391075134, 0.7633153200149536, 0.7397944927215576, 0.7765555381774902, 1.0020496845245361, 0.8180733919143677, 0.7667461037635803, 0.8332678079605103], [0.8042659163475037, 0.7784032821655273, 0.7723678350448608, 0.8174368739128113, 0.7591346502304077, 0.8205952644348145, 0.8416064977645874, 0.7228207588195801, 0.7503593564033508, 0.816497802734375, 0.8096887469291687, 0.8039348125457764, 0.8239504098892212, 0.8146016001701355, 0.796888530254364, 0.8180733323097229, 0.9935837984085083, 0.8088282942771912, 0.8708751797676086], [0.8254556655883789, 0.8127310276031494, 0.7921769618988037, 0.7878932356834412, 0.7163796424865723, 0.8380858898162842, 0.8350955247879028, 0.7345952391624451, 0.8335394263267517, 0.786817193031311, 0.8932092189788818, 0.8342680335044861, 0.7895033955574036, 0.8038012385368347, 0.828409731388092, 0.7667461037635803, 0.8088282942771912, 1.007460355758667, 0.8012606501579285], [0.8287873268127441, 0.8110331296920776, 0.8527554869651794, 0.804265558719635, 0.8275187015533447, 0.8562110662460327, 0.8888293504714966, 0.7715476751327515, 0.7755557298660278, 0.840665340423584, 0.8052040934562683, 0.8444634079933167, 0.8189128041267395, 0.8304040431976318, 0.7756701707839966, 0.833267867565155, 0.8708751797676086, 0.8012606501579285, 1.0063329935073853]]}
