{"idx": 0, "question": "Tell me a story in five sentences about a girl and her dog.", "score": [[1.0049970149993896, 0.8707916140556335, 0.8041225671768188, 0.8686509132385254, 0.7873748540878296, 0.7759342193603516, 0.662156879901886, 0.8285539150238037, 0.8354141116142273, 0.7847495079040527, 0.7621102929115295, 0.7531203627586365, 0.7315409779548645, 0.7203744053840637, 0.7949507832527161, 0.858049213886261, 0.7421241402626038, 0.8355866074562073, 0.8668429851531982, 0.8538519144058228], [0.8707916140556335, 1.0043882131576538, 0.7974945902824402, 0.83965003490448, 0.8191372156143188, 0.8394590616226196, 0.7083855271339417, 0.8323690891265869, 0.8519525527954102, 0.7963033318519592, 0.78379887342453, 0.8210375905036926, 0.7877837419509888, 0.755067765712738, 0.8009949326515198, 0.854462206363678, 0.7979134321212769, 0.8619973659515381, 0.843845546245575, 0.8340485095977783], [0.8041225671768188, 0.7974945902824402, 1.005958080291748, 0.753582239151001, 0.7069942951202393, 0.8245254755020142, 0.7300231456756592, 0.9119809865951538, 0.795595109462738, 0.7832930088043213, 0.8258888721466064, 0.7854956984519958, 0.8804799318313599, 0.8997814655303955, 0.9215904474258423, 0.733281135559082, 0.7754780054092407, 0.8772604465484619, 0.763126015663147, 0.8568050265312195], [0.8686509132385254, 0.83965003490448, 0.753582239151001, 1.0046191215515137, 0.8841658234596252, 0.7487128376960754, 0.6663536429405212, 0.7972906231880188, 0.8032034635543823, 0.8018372058868408, 0.7090877294540405, 0.7770091891288757, 0.6881837844848633, 0.6894544959068298, 0.7597567439079285, 0.8444440364837646, 0.7569788694381714, 0.7954533100128174, 0.8498166799545288, 0.8029038906097412], [0.7873748540878296, 0.8191372156143188, 0.7069942951202393, 0.8841658234596252, 1.003249168395996, 0.7653145790100098, 0.6848081350326538, 0.7653961777687073, 0.7801623344421387, 0.7647473812103271, 0.7533021569252014, 0.8417717218399048, 0.7304778695106506, 0.7145079374313354, 0.7412253022193909, 0.7975919842720032, 0.8105987310409546, 0.7629389762878418, 0.793467104434967, 0.7569707632064819], [0.7759342193603516, 0.8394590616226196, 0.8245254755020142, 0.7487128376960754, 0.7653145790100098, 1.001659631729126, 0.7884005308151245, 0.8398634791374207, 0.875318169593811, 0.8150203227996826, 0.8344026207923889, 0.8234444260597229, 0.8657035827636719, 0.8533718585968018, 0.8297131061553955, 0.8501777648925781, 0.873445451259613, 0.8623487949371338, 0.8276570439338684, 0.8634182810783386], [0.662156879901886, 0.7083855271339417, 0.7300231456756592, 0.6663536429405212, 0.6848081350326538, 0.7884005308151245, 0.9942278861999512, 0.7993831634521484, 0.768806517124176, 0.7153480052947998, 0.7394473552703857, 0.7275515794754028, 0.7133083343505859, 0.7092714905738831, 0.7516384720802307, 0.7233166694641113, 0.7257488369941711, 0.7572353482246399, 0.7009223103523254, 0.7227910757064819], [0.8285539150238037, 0.8323690891265869, 0.9119809865951538, 0.7972906231880188, 0.7653961777687073, 0.8398634791374207, 0.7993831634521484, 1.0006401538848877, 0.8549706935882568, 0.7994509339332581, 0.8168317079544067, 0.8529926538467407, 0.8731017112731934, 0.8478651642799377, 0.954970121383667, 0.7735776901245117, 0.8087738752365112, 0.8878471851348877, 0.8079289197921753, 0.8613897562026978], [0.8354141116142273, 0.8519525527954102, 0.7955950498580933, 0.8032034635543823, 0.7801623344421387, 0.875318169593811, 0.768806517124176, 0.8549706935882568, 1.0002294778823853, 0.8393313884735107, 0.7738755345344543, 0.8331822156906128, 0.776283323764801, 0.7515124082565308, 0.8041517734527588, 0.8690608739852905, 0.8290024995803833, 0.8797084093093872, 0.9273872375488281, 0.862114667892456], [0.7847495079040527, 0.7963032722473145, 0.7832930088043213, 0.8018372058868408, 0.7647473812103271, 0.8150203227996826, 0.7153480052947998, 0.7994509935379028, 0.839331328868866, 0.9938520193099976, 0.7869805097579956, 0.8314738273620605, 0.7630167603492737, 0.7635912895202637, 0.7833834886550903, 0.8209616541862488, 0.802044689655304, 0.8512264490127563, 0.8288842439651489, 0.8094563484191895], [0.7621102929115295, 0.78379887342453, 0.8258888721466064, 0.7090877294540405, 0.7533021569252014, 0.8344026207923889, 0.7394473552703857, 0.8168317079544067, 0.7738755345344543, 0.7869805097579956, 1.0032447576522827, 0.8051389455795288, 0.9002528190612793, 0.8663763403892517, 0.8508875370025635, 0.7458879351615906, 0.7792760133743286, 0.8005366325378418, 0.7413733005523682, 0.8466352224349976], [0.7531203627586365, 0.8210375905036926, 0.7854956984519958, 0.7770091891288757, 0.8417717218399048, 0.8234444260597229, 0.7275515794754028, 0.8529926538467407, 0.8331822156906128, 0.8314738273620605, 0.8051389455795288, 1.0058180093765259, 0.8154196739196777, 0.8275760412216187, 0.8448649644851685, 0.7717265486717224, 0.8189563751220703, 0.8375904560089111, 0.8021500110626221, 0.7945963144302368], [0.7315409779548645, 0.7877837419509888, 0.8804799318313599, 0.6881837844848633, 0.7304778695106506, 0.8657035827636719, 0.7133083939552307, 0.8731017112731934, 0.776283323764801, 0.7630167603492737, 0.9002528190612793, 0.8154196739196777, 1.004434585571289, 0.9256893992424011, 0.9126151204109192, 0.6969196200370789, 0.8210775852203369, 0.8406750559806824, 0.7107110023498535, 0.8553614020347595], [0.7203744053840637, 0.7550677061080933, 0.8997814655303955, 0.6894544959068298, 0.7145079374313354, 0.8533718585968018, 0.7092714905738831, 0.8478651642799377, 0.7515124082565308, 0.7635912895202637, 0.8663763403892517, 0.8275760412216187, 0.9256893992424011, 0.9984358549118042, 0.8807938098907471, 0.706332802772522, 0.7842352986335754, 0.7933481335639954, 0.7088868021965027, 0.8362079858779907], [0.7949507832527161, 0.8009949326515198, 0.9215903282165527, 0.7597566843032837, 0.7412253022193909, 0.8297131061553955, 0.7516384720802307, 0.954970121383667, 0.8041516542434692, 0.7833834886550903, 0.8508875370025635, 0.8448649644851685, 0.9126151204109192, 0.8807938098907471, 1.00664484500885, 0.7272573709487915, 0.7966210842132568, 0.877361536026001, 0.7521975040435791, 0.8550487756729126], [0.858049213886261, 0.854462206363678, 0.733281135559082, 0.8444440364837646, 0.7975919842720032, 0.8501777648925781, 0.7233166694641113, 0.7735776305198669, 0.8690608739852905, 0.8209616541862488, 0.7458879351615906, 0.7717265486717224, 0.6969196200370789, 0.706332802772522, 0.7272573709487915, 1.001373291015625, 0.809801459312439, 0.7871106863021851, 0.907579779624939, 0.8200422525405884], [0.7421241402626038, 0.7979134321212769, 0.7754780054092407, 0.7569788694381714, 0.8105987310409546, 0.873445451259613, 0.7257488369941711, 0.8087738752365112, 0.8290024995803833, 0.802044689655304, 0.7792760133743286, 0.8189563751220703, 0.8210775852203369, 0.7842352986335754, 0.7966209650039673, 0.809801459312439, 0.9988675713539124, 0.8258201479911804, 0.7781020402908325, 0.7777634263038635], [0.8355866074562073, 0.8619973659515381, 0.8772604465484619, 0.7954533100128174, 0.7629389762878418, 0.8623487949371338, 0.7572353482246399, 0.8878471851348877, 0.8797084093093872, 0.8512264490127563, 0.8005366325378418, 0.8375904560089111, 0.8406750559806824, 0.7933481335639954, 0.877361536026001, 0.7871106863021851, 0.8258201479911804, 0.9996727108955383, 0.8318672776222229, 0.8438252806663513], [0.8668429851531982, 0.843845546245575, 0.763126015663147, 0.8498166799545288, 0.793467104434967, 0.8276570439338684, 0.7009222507476807, 0.8079289197921753, 0.9273872375488281, 0.8288842439651489, 0.7413733005523682, 0.8021500110626221, 0.7107110023498535, 0.7088868021965027, 0.7521975040435791, 0.907579779624939, 0.7781020402908325, 0.8318672180175781, 0.9949594736099243, 0.8673269748687744], [0.8538519144058228, 0.8340485095977783, 0.8568050265312195, 0.8029038906097412, 0.7569707632064819, 0.8634182810783386, 0.7227910757064819, 0.8613897562026978, 0.8621146082878113, 0.8094563484191895, 0.8466352224349976, 0.7945963144302368, 0.8553614020347595, 0.8362079858779907, 0.8550487756729126, 0.8200422525405884, 0.7777634263038635, 0.8438252806663513, 0.8673269748687744, 0.9951800107955933]]}
{"idx": 1, "question": "Tell me a story in five sentences about a boy and his dog.", "score": [[1.0076597929000854, 0.8137454986572266, 0.7844345569610596, 0.7975342869758606, 0.8628794550895691, 0.8243911862373352, 0.8185186982154846, 0.8447653651237488, 0.8695578575134277, 0.824002742767334, 0.816655158996582, 0.8099673986434937, 0.8339725136756897, 0.7702215313911438, 0.8456822037696838, 0.7147740125656128, 0.8476579189300537, 0.8426864147186279, 0.8459919691085815, 0.8018118739128113], [0.8137454986572266, 0.9996364116668701, 0.8666284084320068, 0.8392926454544067, 0.8667387366294861, 0.8937502503395081, 0.7946082353591919, 0.9391500949859619, 0.9291366338729858, 0.8336596488952637, 0.8161584138870239, 0.7737780809402466, 0.7986648082733154, 0.7471256256103516, 0.7665082216262817, 0.7419264316558838, 0.8218958973884583, 0.7877305150032043, 0.890995442867279, 0.7337433695793152], [0.7844345569610596, 0.8666284084320068, 0.9997557997703552, 0.7657766938209534, 0.8042418956756592, 0.8785822987556458, 0.7599033117294312, 0.8880887627601624, 0.8890153169631958, 0.8677978515625, 0.9186550378799438, 0.8448157906532288, 0.8515509366989136, 0.7153581380844116, 0.8372525572776794, 0.7327424883842468, 0.8608933091163635, 0.8050855398178101, 0.9008433818817139, 0.6891121864318848], [0.7975342869758606, 0.8392926454544067, 0.7657766938209534, 1.0027486085891724, 0.8488094806671143, 0.8071891069412231, 0.7947859168052673, 0.8624832630157471, 0.8361509442329407, 0.829658031463623, 0.7813540101051331, 0.8145330548286438, 0.8244127035140991, 0.8127765655517578, 0.7761867046356201, 0.7153125405311584, 0.8254537582397461, 0.7906595468521118, 0.8283166289329529, 0.7226166725158691], [0.8628794550895691, 0.8667387366294861, 0.8042418956756592, 0.8488094806671143, 1.0066968202590942, 0.8929697871208191, 0.8886957764625549, 0.9096928834915161, 0.9081702828407288, 0.887688159942627, 0.7943755984306335, 0.8257413506507874, 0.8613787889480591, 0.7974470257759094, 0.8314437866210938, 0.7614226937294006, 0.8584414720535278, 0.8707826137542725, 0.8608239889144897, 0.8233439922332764], [0.8243911862373352, 0.8937502503395081, 0.8785822987556458, 0.8071891069412231, 0.8929697871208191, 1.0024839639663696, 0.8728251457214355, 0.9329732060432434, 0.919723629951477, 0.8903089165687561, 0.8676306009292603, 0.8684831857681274, 0.8463156223297119, 0.7527164816856384, 0.7976348996162415, 0.7568761110305786, 0.8452127575874329, 0.8099706768989563, 0.925678014755249, 0.7616517543792725], [0.8185186982154846, 0.7946082353591919, 0.7599033117294312, 0.7947859168052673, 0.8886958360671997, 0.8728251457214355, 0.996274471282959, 0.8427379131317139, 0.8295539617538452, 0.8330954313278198, 0.7837607264518738, 0.8283767104148865, 0.8487732410430908, 0.7911471724510193, 0.813027024269104, 0.7544501423835754, 0.8044173717498779, 0.7865437269210815, 0.8199861645698547, 0.8357565402984619], [0.8447654247283936, 0.9391500949859619, 0.8880887627601624, 0.8624832630157471, 0.9096928238868713, 0.9329732060432434, 0.8427379131317139, 1.004380702972412, 0.9631078839302063, 0.8842036128044128, 0.8565700650215149, 0.8228604197502136, 0.8546987175941467, 0.7751902937889099, 0.8221436142921448, 0.7554244995117188, 0.8599659204483032, 0.8292618989944458, 0.9349035024642944, 0.7725370526313782], [0.8695578575134277, 0.9291366338729858, 0.8890153169631958, 0.8361509442329407, 0.9081702828407288, 0.919723629951477, 0.8295539617538452, 0.9631080031394958, 1.0042943954467773, 0.8891876935958862, 0.8631826043128967, 0.8128513097763062, 0.8574914932250977, 0.7534464597702026, 0.8294187188148499, 0.751461386680603, 0.8639534711837769, 0.8382903337478638, 0.9460838437080383, 0.7788785099983215], [0.824002742767334, 0.8336596488952637, 0.8677977919578552, 0.829658031463623, 0.887688159942627, 0.8903089761734009, 0.833095371723175, 0.8842035531997681, 0.8891876935958862, 0.9963990449905396, 0.896125853061676, 0.8891490697860718, 0.9002315402030945, 0.8198025226593018, 0.8459526300430298, 0.8347310423851013, 0.904346227645874, 0.8909186124801636, 0.8900835514068604, 0.8111097812652588], [0.816655158996582, 0.8161584138870239, 0.9186550378799438, 0.7813540101051331, 0.7943755984306335, 0.8676306009292603, 0.7837607264518738, 0.8565700650215149, 0.8631826043128967, 0.896125853061676, 0.9994720816612244, 0.901745080947876, 0.8723407983779907, 0.746746301651001, 0.8411561846733093, 0.7497343420982361, 0.8776606321334839, 0.8281019330024719, 0.8966124653816223, 0.7227655649185181], [0.8099673986434937, 0.7737780809402466, 0.8448157906532288, 0.8145330548286438, 0.8257413506507874, 0.8684831857681274, 0.8283767104148865, 0.8228604197502136, 0.8128513097763062, 0.889149010181427, 0.901745080947876, 1.0019183158874512, 0.8634886145591736, 0.7976171970367432, 0.8304722309112549, 0.7517596483230591, 0.8549970388412476, 0.8120887875556946, 0.8647279143333435, 0.7105296850204468], [0.8339725136756897, 0.7986648082733154, 0.8515509366989136, 0.8244127035140991, 0.8613787889480591, 0.8463156223297119, 0.8487732410430908, 0.8546987175941467, 0.8574914932250977, 0.9002315402030945, 0.8723407983779907, 0.8634886145591736, 0.9964691400527954, 0.8253569006919861, 0.8816046118736267, 0.7875266671180725, 0.8961678147315979, 0.846369206905365, 0.8752413988113403, 0.7657397389411926], [0.7702215313911438, 0.7471256852149963, 0.7153581380844116, 0.8127765655517578, 0.7974470257759094, 0.7527164816856384, 0.7911471724510193, 0.7751902937889099, 0.7534464597702026, 0.8198024034500122, 0.746746301651001, 0.7976171970367432, 0.8253569006919861, 1.0076239109039307, 0.7258941531181335, 0.8222379684448242, 0.8318230509757996, 0.7804937958717346, 0.7711016535758972, 0.7528654932975769], [0.8456822037696838, 0.7665082216262817, 0.8372525572776794, 0.7761866450309753, 0.8314437866210938, 0.7976348996162415, 0.8130270838737488, 0.8221436142921448, 0.8294187188148499, 0.8459526300430298, 0.8411561846733093, 0.8304722905158997, 0.8816046118736267, 0.7258941531181335, 1.004489541053772, 0.696516752243042, 0.8310868144035339, 0.8089848756790161, 0.8147615790367126, 0.7624362111091614], [0.7147740125656128, 0.7419264316558838, 0.7327424883842468, 0.7153125405311584, 0.7614226937294006, 0.7568761110305786, 0.7544501423835754, 0.7554244995117188, 0.751461386680603, 0.8347310423851013, 0.7497343420982361, 0.7517596483230591, 0.7875266671180725, 0.8222379684448242, 0.696516752243042, 1.0049903392791748, 0.8157771825790405, 0.7871203422546387, 0.7498655915260315, 0.7981356978416443], [0.8476579189300537, 0.8218958973884583, 0.8608933091163635, 0.8254537582397461, 0.8584414720535278, 0.8452127575874329, 0.8044173717498779, 0.8599659204483032, 0.8639534711837769, 0.904346227645874, 0.8776606321334839, 0.8549970388412476, 0.8961678147315979, 0.8318230509757996, 0.8310868144035339, 0.8157771825790405, 0.9931700825691223, 0.863745391368866, 0.8611648678779602, 0.8039984107017517], [0.8426864147186279, 0.7877305150032043, 0.8050855398178101, 0.7906595468521118, 0.8707826137542725, 0.8099706768989563, 0.7865437269210815, 0.8292618989944458, 0.8382903337478638, 0.8909186124801636, 0.8281019330024719, 0.8120887875556946, 0.846369206905365, 0.7804937958717346, 0.8089848756790161, 0.7871203422546387, 0.863745391368866, 1.0054681301116943, 0.8232518434524536, 0.8642248511314392], [0.8459919691085815, 0.890995442867279, 0.9008433818817139, 0.8283166289329529, 0.860823929309845, 0.925678014755249, 0.8199861645698547, 0.9349035024642944, 0.9460838437080383, 0.8900835514068604, 0.8966124653816223, 0.8647279143333435, 0.8752413988113403, 0.7711016535758972, 0.8147615790367126, 0.7498655915260315, 0.8611648678779602, 0.8232518434524536, 0.9934418201446533, 0.7380642890930176], [0.8018118739128113, 0.7337433695793152, 0.6891121864318848, 0.7226166725158691, 0.8233439922332764, 0.7616517543792725, 0.8357565402984619, 0.7725370526313782, 0.7788785099983215, 0.8111097812652588, 0.7227655649185181, 0.7105296850204468, 0.7657397389411926, 0.7528654932975769, 0.7624362111091614, 0.7981357574462891, 0.8039984107017517, 0.8642247319221497, 0.7380642294883728, 0.9986550211906433]]}
{"idx": 2, "question": "Tell me the plot line in 5 sentences for a romcom movie set in rural Kansas for Easter.", "score": [[0.9949294328689575, 0.710832953453064, 0.9001209139823914, 0.807374119758606, 0.6808321475982666, 0.8423311710357666, 0.7818034291267395, 0.8591322898864746, 0.7340237498283386, 0.7236210107803345, 0.7832900881767273, 0.7989931106567383, 0.7521073818206787, 0.8137667775154114, 0.8722838759422302, 0.7427623271942139, 0.7381004691123962, 0.7996179461479187, 0.8318148851394653, 0.7490267157554626], [0.710832953453064, 1.003729224205017, 0.6999406218528748, 0.8595471382141113, 0.8629401922225952, 0.7425353527069092, 0.9036083221435547, 0.7781578898429871, 0.9022020101547241, 0.8749213814735413, 0.8904418349266052, 0.8625155687332153, 0.8753565549850464, 0.8650288581848145, 0.7404248118400574, 0.8722828030586243, 0.9098151326179504, 0.8706616759300232, 0.6577267050743103, 0.9016727805137634], [0.9001209139823914, 0.6999406218528748, 1.0021603107452393, 0.7579899430274963, 0.6507415175437927, 0.8704816699028015, 0.7785853743553162, 0.8616549968719482, 0.7314406633377075, 0.7092722058296204, 0.740519106388092, 0.8093951940536499, 0.7149920463562012, 0.7954097390174866, 0.8753097653388977, 0.714117169380188, 0.7310968041419983, 0.7792282700538635, 0.8261663913726807, 0.7230688333511353], [0.807374119758606, 0.8595471382141113, 0.7579898834228516, 1.0022261142730713, 0.8162436485290527, 0.7808346152305603, 0.8804259896278381, 0.8188896775245667, 0.8692969679832458, 0.8287800550460815, 0.8887978792190552, 0.8671318292617798, 0.864895761013031, 0.8897638916969299, 0.7995225191116333, 0.862778902053833, 0.8457919955253601, 0.8548455238342285, 0.7109636068344116, 0.8796074390411377], [0.6808321475982666, 0.8629401922225952, 0.650741457939148, 0.8162436485290527, 1.0030604600906372, 0.7122637033462524, 0.838244616985321, 0.7689676880836487, 0.8852770328521729, 0.8213066458702087, 0.8312768936157227, 0.8495633602142334, 0.8511542677879333, 0.8250551223754883, 0.7031989693641663, 0.802947998046875, 0.8102136850357056, 0.8335764408111572, 0.6573670506477356, 0.8315216898918152], [0.8423311710357666, 0.7425353527069092, 0.8704816699028015, 0.7808346152305603, 0.7122637033462524, 0.9993466138839722, 0.8180457949638367, 0.875045657157898, 0.7646397352218628, 0.7306833863258362, 0.7697552442550659, 0.8087174296379089, 0.7472497224807739, 0.7891899347305298, 0.8190671801567078, 0.7505901455879211, 0.775120198726654, 0.8213443756103516, 0.8373862504959106, 0.754673182964325], [0.7818034291267395, 0.9036083221435547, 0.7785853743553162, 0.8804259896278381, 0.8382446765899658, 0.8180457949638367, 1.0043838024139404, 0.8176994323730469, 0.8970877528190613, 0.8239759206771851, 0.8968639969825745, 0.893310546875, 0.8812410831451416, 0.8633230328559875, 0.7880465388298035, 0.8752659559249878, 0.8901010751724243, 0.8994673490524292, 0.7353324890136719, 0.9102512001991272], [0.8591322898864746, 0.7781578898429871, 0.8616549968719482, 0.8188896775245667, 0.7689676880836487, 0.875045657157898, 0.8176994323730469, 1.0050194263458252, 0.8248643279075623, 0.7950388789176941, 0.8090490698814392, 0.8562747240066528, 0.8059201836585999, 0.8440976738929749, 0.8813297152519226, 0.8099074363708496, 0.7960675954818726, 0.8128377795219421, 0.8074764609336853, 0.7909040451049805], [0.7340237498283386, 0.9022020101547241, 0.7314406633377075, 0.8692969679832458, 0.8852771520614624, 0.7646397352218628, 0.8970877528190613, 0.8248643279075623, 1.0030102729797363, 0.8830363154411316, 0.8825245499610901, 0.9194016456604004, 0.9193435907363892, 0.9002038240432739, 0.7940688133239746, 0.8941749334335327, 0.8469188213348389, 0.8785830736160278, 0.6910466551780701, 0.8976970911026001], [0.7236210107803345, 0.8749213814735413, 0.7092722654342651, 0.8287799954414368, 0.8213066458702087, 0.7306833863258362, 0.8239759206771851, 0.7950388789176941, 0.8830364346504211, 1.001282811164856, 0.834735095500946, 0.8335776925086975, 0.861309826374054, 0.8541058301925659, 0.798163115978241, 0.8376711010932922, 0.8321686387062073, 0.8222537636756897, 0.6749069690704346, 0.8549668192863464], [0.7832900881767273, 0.8904418349266052, 0.740519106388092, 0.8887978792190552, 0.8312768936157227, 0.7697552442550659, 0.8968639969825745, 0.8090490698814392, 0.8825245499610901, 0.8347351551055908, 0.9971226453781128, 0.8502999544143677, 0.8631349802017212, 0.8618465065956116, 0.7841677069664001, 0.9065575003623962, 0.8481101393699646, 0.8773679137229919, 0.7103046774864197, 0.8982523679733276], [0.7989931106567383, 0.8625155687332153, 0.8093951940536499, 0.8671318292617798, 0.8495633602142334, 0.8087174296379089, 0.893310546875, 0.8562747240066528, 0.9194016456604004, 0.8335776925086975, 0.8502999544143677, 1.0021668672561646, 0.8980819582939148, 0.9138486385345459, 0.8156130313873291, 0.8648878931999207, 0.8485636711120605, 0.8930219411849976, 0.7579891681671143, 0.8696871995925903], [0.7521073818206787, 0.8753565549850464, 0.7149920463562012, 0.864895761013031, 0.8511542677879333, 0.7472496032714844, 0.8812410831451416, 0.8059201836585999, 0.9193435907363892, 0.861309826374054, 0.8631349802017212, 0.8980819582939148, 1.0033276081085205, 0.9067212343215942, 0.7715691328048706, 0.8644121289253235, 0.8415182828903198, 0.8596519827842712, 0.698998212814331, 0.8831380605697632], [0.8137667775154114, 0.8650288581848145, 0.7954097390174866, 0.8897638916969299, 0.8250551223754883, 0.7891899347305298, 0.8633230328559875, 0.8440976738929749, 0.9002038240432739, 0.8541058301925659, 0.8618465065956116, 0.9138486385345459, 0.9067212343215942, 1.0038623809814453, 0.8134721517562866, 0.8659065365791321, 0.8307569622993469, 0.886727511882782, 0.7383830547332764, 0.8760110139846802], [0.8722838759422302, 0.7404248714447021, 0.8753097653388977, 0.7995224595069885, 0.7031989693641663, 0.819067120552063, 0.7880465388298035, 0.8813297152519226, 0.7940688133239746, 0.798163115978241, 0.7841677069664001, 0.8156130313873291, 0.7715691328048706, 0.8134722113609314, 1.003114938735962, 0.7710272073745728, 0.7449323534965515, 0.7673179507255554, 0.7565677165985107, 0.7415865659713745], [0.7427623271942139, 0.8722828030586243, 0.714117169380188, 0.862778902053833, 0.802947998046875, 0.7505901455879211, 0.8752659559249878, 0.8099074363708496, 0.8941749334335327, 0.8376711010932922, 0.9065575003623962, 0.8648878931999207, 0.8644121289253235, 0.8659065365791321, 0.7710272073745728, 1.000840663909912, 0.8781482577323914, 0.8567634224891663, 0.694002628326416, 0.8798670768737793], [0.7381004691123962, 0.9098151326179504, 0.7310967445373535, 0.8457919955253601, 0.8102136850357056, 0.775120198726654, 0.8901010751724243, 0.7960675954818726, 0.8469188213348389, 0.8321686387062073, 0.8481101393699646, 0.8485636711120605, 0.8415182828903198, 0.8307569622993469, 0.7449323534965515, 0.8781482577323914, 0.992998480796814, 0.8514440655708313, 0.6842244267463684, 0.8568038940429688], [0.7996179461479187, 0.8706616759300232, 0.7792282700538635, 0.8548455238342285, 0.8335763216018677, 0.8213443756103516, 0.8994673490524292, 0.8128377795219421, 0.8785830736160278, 0.8222537636756897, 0.8773678541183472, 0.8930220603942871, 0.8596519827842712, 0.886727511882782, 0.7673179507255554, 0.8567634224891663, 0.8514440655708313, 0.9972425699234009, 0.7445333003997803, 0.8749258518218994], [0.8318148851394653, 0.6577267050743103, 0.8261663913726807, 0.7109636068344116, 0.6573670506477356, 0.8373862504959106, 0.7353324890136719, 0.8074764609336853, 0.6910466551780701, 0.6749069690704346, 0.7103046774864197, 0.7579891681671143, 0.698998212814331, 0.7383830547332764, 0.7565677165985107, 0.694002628326416, 0.6842244267463684, 0.7445333003997803, 1.0015641450881958, 0.7195148468017578], [0.7490267157554626, 0.9016727805137634, 0.7230688333511353, 0.8796074390411377, 0.8315216898918152, 0.754673182964325, 0.9102512001991272, 0.7909040451049805, 0.8976970911026001, 0.8549668192863464, 0.8982523679733276, 0.8696871995925903, 0.8831380605697632, 0.8760110139846802, 0.7415865659713745, 0.8798670768737793, 0.8568038940429688, 0.8749258518218994, 0.7195148468017578, 0.9994585514068604]]}
{"idx": 3, "question": "Write a haiku about a whale and a walnut tree.", "score": [[1.0051465034484863, 0.8668518662452698, 0.779407262802124, 0.8068381547927856, 0.8754429817199707, 0.7531711459159851, 0.8102371096611023, 0.9007402062416077, 0.8235083818435669, 0.8483767509460449, 0.908769428730011, 0.7772929668426514, 0.8250022530555725, 0.8778775930404663, 0.8399654626846313, 0.8449593782424927, 0.832318902015686, 0.853140652179718, 0.8161883354187012], [0.8668518662452698, 0.9941039085388184, 0.8931053280830383, 0.9083628058433533, 0.9208278656005859, 0.8195239901542664, 0.9369571805000305, 0.9406799077987671, 0.9196582436561584, 0.9181104898452759, 0.9578653573989868, 0.8362302780151367, 0.9131970405578613, 0.9408486485481262, 0.8987297415733337, 0.9184227585792542, 0.8624741435050964, 0.8902967572212219, 0.7949174046516418], [0.779407262802124, 0.8931053280830383, 1.0053730010986328, 0.8949675559997559, 0.8578124642372131, 0.8054291009902954, 0.9207097291946411, 0.8439664244651794, 0.8900124430656433, 0.8837084770202637, 0.8793841600418091, 0.819686233997345, 0.9191634654998779, 0.9081918001174927, 0.9085947275161743, 0.8578302264213562, 0.8272153735160828, 0.7944660782814026, 0.7628486156463623], [0.8068381547927856, 0.9083628058433533, 0.8949675559997559, 0.995944619178772, 0.8704004883766174, 0.8334324359893799, 0.9192966818809509, 0.871027946472168, 0.924045979976654, 0.8725367188453674, 0.8874679207801819, 0.8841461539268494, 0.8978041410446167, 0.9049343466758728, 0.8907238841056824, 0.9174402952194214, 0.8392195105552673, 0.8008398413658142, 0.7938534617424011], [0.8754429817199707, 0.9208278656005859, 0.8578124642372131, 0.8704004883766174, 1.0042990446090698, 0.7952845096588135, 0.8858723640441895, 0.9360858201980591, 0.8874053359031677, 0.8844805955886841, 0.9294764995574951, 0.8109561800956726, 0.8908852934837341, 0.9204320311546326, 0.9192251563072205, 0.8774125576019287, 0.8526936769485474, 0.864795446395874, 0.7739418745040894], [0.7531711459159851, 0.8195239901542664, 0.8054291009902954, 0.8334324359893799, 0.7952845096588135, 1.007515788078308, 0.8439205288887024, 0.7965179681777954, 0.808324933052063, 0.8263213038444519, 0.8051944375038147, 0.7665374279022217, 0.8827109336853027, 0.8075046539306641, 0.8222714066505432, 0.7783656120300293, 0.7596879601478577, 0.7526221871376038, 0.7732341289520264], [0.8102371096611023, 0.9369571805000305, 0.9207097291946411, 0.9192966818809509, 0.8858723640441895, 0.8439204692840576, 1.007436752319336, 0.8998793363571167, 0.9035604000091553, 0.9105703830718994, 0.8985083699226379, 0.8629118800163269, 0.953526496887207, 0.9349207282066345, 0.934277355670929, 0.9048365950584412, 0.8454012870788574, 0.8704747557640076, 0.8431944847106934], [0.9007401466369629, 0.9406797885894775, 0.8439664244651794, 0.871027946472168, 0.9360858201980591, 0.7965179681777954, 0.8998793363571167, 1.0033464431762695, 0.8993325233459473, 0.8980567455291748, 0.9384303092956543, 0.8508456349372864, 0.8831108808517456, 0.92180335521698, 0.8925469517707825, 0.9269391894340515, 0.8705095648765564, 0.9246659874916077, 0.8163690567016602], [0.8235083818435669, 0.9196582436561584, 0.8900124430656433, 0.924045979976654, 0.8874053359031677, 0.808324933052063, 0.9035604000091553, 0.8993325233459473, 1.0048422813415527, 0.8811028003692627, 0.9108721017837524, 0.8660475015640259, 0.9121955633163452, 0.9110144376754761, 0.9043993353843689, 0.9285705089569092, 0.8544782996177673, 0.8216781616210938, 0.7508864998817444], [0.8483768105506897, 0.9181104898452759, 0.8837084770202637, 0.8725367784500122, 0.8844805955886841, 0.8263213038444519, 0.9105703830718994, 0.8980567455291748, 0.8811028003692627, 1.006900429725647, 0.897114098072052, 0.8282206058502197, 0.9016801118850708, 0.9041247963905334, 0.8899530172348022, 0.8629951477050781, 0.90078204870224, 0.8372678160667419, 0.8197046518325806], [0.908769428730011, 0.9578653573989868, 0.8793841600418091, 0.8874679207801819, 0.9294764995574951, 0.8051944375038147, 0.8985084891319275, 0.9384303092956543, 0.9108721017837524, 0.8971141576766968, 1.0057365894317627, 0.8308529257774353, 0.8983796834945679, 0.9308398962020874, 0.9060884118080139, 0.9072656631469727, 0.8636850714683533, 0.889022946357727, 0.7932709455490112], [0.7772929668426514, 0.8362302780151367, 0.819686233997345, 0.8841461539268494, 0.8109561800956726, 0.7665374279022217, 0.8629118800163269, 0.8508456349372864, 0.8660475015640259, 0.8282206058502197, 0.8308529257774353, 1.0016953945159912, 0.8482769131660461, 0.839973509311676, 0.836366593837738, 0.8734675645828247, 0.8318531513214111, 0.7966458797454834, 0.7467280626296997], [0.8250022530555725, 0.9131970405578613, 0.9191634654998779, 0.8978041410446167, 0.8908852934837341, 0.8827109336853027, 0.9535264372825623, 0.8831108808517456, 0.9121955633163452, 0.9016801118850708, 0.8983796834945679, 0.8482769131660461, 1.0069688558578491, 0.9262034893035889, 0.9518182277679443, 0.8777019381523132, 0.8348298668861389, 0.854904055595398, 0.8084034323692322], [0.8778775930404663, 0.9408486485481262, 0.9081918001174927, 0.9049343466758728, 0.9204320311546326, 0.8075046539306641, 0.9349207878112793, 0.92180335521698, 0.9110144376754761, 0.9041247963905334, 0.9308398962020874, 0.839973509311676, 0.9262034893035889, 0.9945114850997925, 0.9258860945701599, 0.9091508388519287, 0.8553971648216248, 0.8659036755561829, 0.8024494647979736], [0.8399654626846313, 0.8987297415733337, 0.9085947275161743, 0.8907238841056824, 0.9192251563072205, 0.8222714066505432, 0.934277355670929, 0.8925469517707825, 0.9043993353843689, 0.8899530172348022, 0.9060884118080139, 0.836366593837738, 0.9518182277679443, 0.9258860945701599, 0.992927610874176, 0.8755406141281128, 0.859484076499939, 0.8368778228759766, 0.8105806112289429], [0.8449593782424927, 0.9184227585792542, 0.8578302264213562, 0.9174402952194214, 0.8774126172065735, 0.7783656120300293, 0.9048365950584412, 0.9269391894340515, 0.9285705089569092, 0.8629951477050781, 0.9072656631469727, 0.8734675645828247, 0.8777019381523132, 0.9091508388519287, 0.8755406141281128, 1.003648281097412, 0.8479408025741577, 0.8596870303153992, 0.8003973364830017], [0.8323187828063965, 0.8624740839004517, 0.8272154331207275, 0.8392194509506226, 0.8526937365531921, 0.7596878409385681, 0.8454012870788574, 0.8705095648765564, 0.8544782400131226, 0.90078204870224, 0.8636850118637085, 0.8318531513214111, 0.8348298668861389, 0.8553972244262695, 0.859484076499939, 0.8479408621788025, 1.0056703090667725, 0.802086591720581, 0.7894234657287598], [0.8531405925750732, 0.8902968168258667, 0.7944660782814026, 0.8008399605751038, 0.8647953271865845, 0.7526223063468933, 0.8704748153686523, 0.9246657490730286, 0.821678102016449, 0.8372678160667419, 0.889022946357727, 0.7966457605361938, 0.8549041152000427, 0.8659037947654724, 0.8368778228759766, 0.8596870303153992, 0.802086591720581, 0.9972142577171326, 0.7875223755836487], [0.816188395023346, 0.7949174642562866, 0.7628486156463623, 0.7938534021377563, 0.7739419341087341, 0.7732342481613159, 0.8431944847106934, 0.8163690567016602, 0.7508864998817444, 0.8197046518325806, 0.7932710647583008, 0.7467280626296997, 0.8084033131599426, 0.8024494647979736, 0.8105807304382324, 0.8003973364830017, 0.7894234657287598, 0.7875223755836487, 0.9986926913261414]]}
{"idx": 4, "question": "Write a short love poem with 4 lines.", "score": [[0.9950408339500427, 0.8035717606544495, 0.7974967360496521, 0.7594351768493652, 0.8378356695175171, 0.8340151309967041, 0.9005237817764282, 0.8469041585922241, 0.6379604339599609, 0.7774156928062439, 0.8195030093193054, 0.8199707269668579, 0.8191094398498535, 0.8115231990814209, 0.8211532235145569, 0.8657146692276001, 0.8446366190910339, 0.9198411107063293, 0.8124491572380066, 0.8659989833831787], [0.8035717606544495, 0.9975316524505615, 0.8243857622146606, 0.7308709025382996, 0.7885556221008301, 0.7865636944770813, 0.8162931799888611, 0.8075602650642395, 0.6311443448066711, 0.79638671875, 0.7796855568885803, 0.726516604423523, 0.7849074006080627, 0.8591734170913696, 0.7613394260406494, 0.7670942544937134, 0.8066447973251343, 0.7779755592346191, 0.8070610761642456, 0.7497584819793701], [0.7974967360496521, 0.8243857622146606, 0.9986329078674316, 0.7491328716278076, 0.8199077248573303, 0.7780112028121948, 0.8395562171936035, 0.8257657885551453, 0.6238835453987122, 0.7639768719673157, 0.8406367897987366, 0.7664042115211487, 0.8272361755371094, 0.8094320297241211, 0.7542669177055359, 0.7622672319412231, 0.8173274993896484, 0.7849757075309753, 0.709130585193634, 0.7687534093856812], [0.7594351768493652, 0.7308709025382996, 0.7491328716278076, 0.9943422079086304, 0.7654978036880493, 0.7178459763526917, 0.7712036967277527, 0.7218538522720337, 0.5329878330230713, 0.6981434226036072, 0.7535821199417114, 0.7120487689971924, 0.7229971289634705, 0.7154437303543091, 0.6873372197151184, 0.6945006251335144, 0.7312334179878235, 0.7320411205291748, 0.6625345349311829, 0.7177526354789734], [0.8378356695175171, 0.7885556221008301, 0.8199077248573303, 0.7654978036880493, 1.0013761520385742, 0.8655188679695129, 0.861739993095398, 0.8447490930557251, 0.605758547782898, 0.7425746321678162, 0.882135272026062, 0.7911704778671265, 0.8000333905220032, 0.7982052564620972, 0.7744340896606445, 0.7809333801269531, 0.814030110836029, 0.824690043926239, 0.7028169631958008, 0.7829419374465942], [0.8340151309967041, 0.7865636944770813, 0.7780112028121948, 0.7178459763526917, 0.8655189275741577, 0.9987694025039673, 0.8179359436035156, 0.8436055779457092, 0.6488751769065857, 0.7640866637229919, 0.8539113998413086, 0.7503703832626343, 0.8131222128868103, 0.8076432347297668, 0.8018186688423157, 0.7893346548080444, 0.8161849975585938, 0.8291338682174683, 0.7658405900001526, 0.7987250089645386], [0.9005237817764282, 0.8162931799888611, 0.8395562171936035, 0.7712036967277527, 0.861739993095398, 0.8179359436035156, 1.0002201795578003, 0.9062762260437012, 0.6112067699432373, 0.7747812271118164, 0.8537265062332153, 0.8286120891571045, 0.8499738574028015, 0.7973083853721619, 0.7976092100143433, 0.8162001371383667, 0.8456037044525146, 0.8721792697906494, 0.7450889348983765, 0.8227638006210327], [0.8469041585922241, 0.8075602650642395, 0.8257657885551453, 0.7218538522720337, 0.8447490930557251, 0.8436055779457092, 0.9062762260437012, 0.9951630234718323, 0.6553314924240112, 0.7930392026901245, 0.8482705950737, 0.7632360458374023, 0.8769104480743408, 0.8116505742073059, 0.8266760110855103, 0.7821140885353088, 0.8442021608352661, 0.8418663740158081, 0.7657836675643921, 0.8152145147323608], [0.6379604339599609, 0.6311443448066711, 0.6238835453987122, 0.5329878330230713, 0.605758547782898, 0.6488751769065857, 0.6112067103385925, 0.6553314924240112, 1.004069209098816, 0.6049498915672302, 0.6181167364120483, 0.6174766421318054, 0.6572704911231995, 0.679099440574646, 0.6595295071601868, 0.663835883140564, 0.6456539630889893, 0.7004754543304443, 0.663508415222168, 0.6227035522460938], [0.7774156928062439, 0.79638671875, 0.7639768719673157, 0.6981434226036072, 0.7425746321678162, 0.7640866637229919, 0.7747812271118164, 0.7930392026901245, 0.6049498915672302, 1.0012726783752441, 0.7204314470291138, 0.6795848608016968, 0.7757271528244019, 0.7116947174072266, 0.7699388265609741, 0.7583885788917542, 0.7997524738311768, 0.7680101990699768, 0.741688072681427, 0.757362425327301], [0.8195030093193054, 0.7796855568885803, 0.8406367897987366, 0.7535821199417114, 0.882135272026062, 0.8539113998413086, 0.8537265062332153, 0.8482705950737, 0.6181166768074036, 0.7204314470291138, 1.0006458759307861, 0.7684685587882996, 0.8205905556678772, 0.823769211769104, 0.7796925902366638, 0.7622400522232056, 0.8305679559707642, 0.8072287440299988, 0.6978493332862854, 0.769845724105835], [0.8199707269668579, 0.726516604423523, 0.7664042115211487, 0.7120487689971924, 0.7911704778671265, 0.7503703832626343, 0.8286120891571045, 0.7632360458374023, 0.6174766421318054, 0.6795848608016968, 0.7684685587882996, 1.0013432502746582, 0.7720975279808044, 0.7861887216567993, 0.7439324855804443, 0.8293225169181824, 0.7347027063369751, 0.820410966873169, 0.7185320258140564, 0.8008680939674377], [0.8191094398498535, 0.7849074006080627, 0.8272361755371094, 0.7229971289634705, 0.8000333905220032, 0.8131222128868103, 0.849973738193512, 0.8769104480743408, 0.6572704911231995, 0.7757271528244019, 0.8205905556678772, 0.7720975279808044, 1.0003583431243896, 0.8278061151504517, 0.807533323764801, 0.8090925216674805, 0.844879686832428, 0.8483724594116211, 0.7548222541809082, 0.8080106377601624], [0.8115231990814209, 0.8591734170913696, 0.8094320297241211, 0.7154437303543091, 0.7982052564620972, 0.8076432347297668, 0.7973083853721619, 0.8116505742073059, 0.679099440574646, 0.7116947174072266, 0.823769211769104, 0.7861887216567993, 0.8278061151504517, 1.004616618156433, 0.7702046036720276, 0.8060461282730103, 0.7855714559555054, 0.8227499723434448, 0.8460193276405334, 0.7977064251899719], [0.8211531639099121, 0.7613394260406494, 0.7542669177055359, 0.6873372197151184, 0.7744340896606445, 0.8018186092376709, 0.7976092100143433, 0.8266760110855103, 0.6595295071601868, 0.7699388265609741, 0.7796925902366638, 0.7439324855804443, 0.807533323764801, 0.7702045440673828, 0.99909907579422, 0.8126458525657654, 0.8116270303726196, 0.8144360780715942, 0.7915239930152893, 0.86107337474823], [0.8657146692276001, 0.7670942544937134, 0.7622672319412231, 0.6945006251335144, 0.7809334397315979, 0.7893346548080444, 0.8162001371383667, 0.7821140885353088, 0.663835883140564, 0.7583885788917542, 0.7622400522232056, 0.8293225169181824, 0.8090925216674805, 0.806046187877655, 0.8126458525657654, 0.9988127946853638, 0.8111143112182617, 0.8992202281951904, 0.7821768522262573, 0.8752448558807373], [0.8446366190910339, 0.8066447973251343, 0.8173274993896484, 0.7312334179878235, 0.814030110836029, 0.8161849975585938, 0.8456037044525146, 0.8442021608352661, 0.6456539630889893, 0.7997525334358215, 0.8305679559707642, 0.7347027063369751, 0.8448796272277832, 0.7855714559555054, 0.8116270303726196, 0.8111143112182617, 1.004782795906067, 0.851831316947937, 0.7456154823303223, 0.7918181419372559], [0.9198411107063293, 0.7779755592346191, 0.7849757075309753, 0.7320411205291748, 0.824690043926239, 0.8291338086128235, 0.8721792697906494, 0.8418663740158081, 0.7004754543304443, 0.768010139465332, 0.8072287440299988, 0.8204110860824585, 0.8483724594116211, 0.8227499723434448, 0.8144360780715942, 0.8992202281951904, 0.851831316947937, 0.9991450905799866, 0.7961402535438538, 0.8617290258407593], [0.8124491572380066, 0.8070610761642456, 0.709130585193634, 0.6625345349311829, 0.7028169631958008, 0.7658405900001526, 0.7450889348983765, 0.7657836675643921, 0.663508415222168, 0.741688072681427, 0.6978493332862854, 0.7185319662094116, 0.7548222541809082, 0.8460193276405334, 0.7915239930152893, 0.7821768522262573, 0.7456154823303223, 0.7961402535438538, 0.9977959394454956, 0.8225452303886414], [0.8659989833831787, 0.7497584819793701, 0.7687534093856812, 0.7177525758743286, 0.7829419374465942, 0.7987250089645386, 0.8227638006210327, 0.8152145147323608, 0.6227036118507385, 0.757362425327301, 0.769845724105835, 0.8008680939674377, 0.8080106377601624, 0.7977063655853271, 0.86107337474823, 0.8752447962760925, 0.7918181419372559, 0.8617290258407593, 0.8225451111793518, 1.0015592575073242]]}
